0: output to qwalk_000.linear.o
cutoff 10.3947
 total centers 200
0: cell volume 22854.8
**Warning** atom 1 is out of the simulation cell.  Putting it inside.
**Warning** atom 2 is out of the simulation cell.  Putting it inside.
**Warning** atom 3 is out of the simulation cell.  Putting it inside.
**Warning** atom 5 is out of the simulation cell.  Putting it inside.
**Warning** atom 6 is out of the simulation cell.  Putting it inside.
**Warning** atom 7 is out of the simulation cell.  Putting it inside.
**Warning** atom 8 is out of the simulation cell.  Putting it inside.
**Warning** atom 9 is out of the simulation cell.  Putting it inside.
**Warning** atom 10 is out of the simulation cell.  Putting it inside.
**Warning** atom 13 is out of the simulation cell.  Putting it inside.
**Warning** atom 14 is out of the simulation cell.  Putting it inside.
**Warning** atom 15 is out of the simulation cell.  Putting it inside.
0: elsu 15.1178
0: alpha 0.330736
1: cell volume 22854.8
1: elsu 15.1178
1: alpha 0.330736
15: cell volume 22854.8
15: elsu 15.1178
15: alpha 0.330736
5: cell volume 22854.8
5: elsu 15.1178
5: alpha 0.330736
8: cell volume 22854.8
8: elsu 15.1178
8: alpha 0.330736
11: cell volume 22854.8
11: elsu 15.1178
11: alpha 0.330736
12: cell volume 22854.8
12: elsu 15.1178
12: alpha 0.330736
13: cell volume 22854.8
13: elsu 15.1178
13: alpha 0.330736
14: cell volume 22854.8
14: elsu 15.1178
14: alpha 0.330736
16: cell volume 22854.8
16: elsu 15.1178
16: alpha 0.330736
17: cell volume 22854.8
17: elsu 15.1178
17: alpha 0.330736
19: cell volume 22854.8
19: elsu 15.1178
19: alpha 0.330736
2: cell volume 22854.8
2: elsu 15.1178
2: alpha 0.330736
3: cell volume 22854.8
3: elsu 15.1178
3: alpha 0.330736
4: cell volume 22854.8
4: elsu 15.1178
4: alpha 0.330736
6: cell volume 22854.8
6: elsu 15.1178
6: alpha 0.330736
7: cell volume 22854.8
7: elsu 15.1178
7: alpha 0.330736
9: cell volume 22854.8
9: elsu 15.1178
9: alpha 0.330736
10: cell volume 22854.8
10: elsu 15.1178
10: alpha 0.330736
18: cell volume 22854.8
18: elsu 15.1178
18: alpha 0.330736
4: real space ion-ion 0.729456
5: real space ion-ion 0.729456
13: real space ion-ion 0.729456
17: real space ion-ion 0.729456
Ewald sum using 2822 reciprocal points
0: real space ion-ion 0.729456
0: reciprocal space ion 52.8103
6: real space ion-ion 0.729456
4: reciprocal space ion 52.8103
12: real space ion-ion 0.729456
5: reciprocal space ion 52.8103
1: real space ion-ion 0.729456
10: real space ion-ion 0.729456
13: reciprocal space ion 52.8103
17: reciprocal space ion 52.8103
2: real space ion-ion 0.729456
15: real space ion-ion 0.729456
6: reciprocal space ion 52.8103
9: real space ion-ion 0.729456
16: real space ion-ion 0.729456
12: reciprocal space ion 52.8103
1: reciprocal space ion 52.8103
10: reciprocal space ion 52.8103
3: real space ion-ion 0.729456
18: real space ion-ion 0.729456
11: real space ion-ion 0.729456
15: reciprocal space ion 52.8103
8: real space ion-ion 0.729456
16: reciprocal space ion 52.8103
14: real space ion-ion 0.729456
9: reciprocal space ion 52.8103
2: reciprocal space ion 52.8103
3: reciprocal space ion 52.8103
11: reciprocal space ion 52.8103
18: reciprocal space ion 52.8103
14: reciprocal space ion 52.8103
8: reciprocal space ion 52.8103
19: real space ion-ion 0.729456
19: reciprocal space ion 52.8103
7: real space ion-ion 0.729456
7: reciprocal space ion 52.8103
Could not open qwalk_000.linear.config. Generating configurations from scratch
12: Timestep is 2.348
1: Timestep is 2.348
0: Timestep is 2.348
13: Timestep is 2.348
8: Timestep is 2.348
17: Timestep is 2.348
10: Timestep is 2.348
9: Timestep is 2.348
2: Timestep is 2.348
7: Timestep is 2.348
3: Timestep is 2.348
19: Timestep is 2.348
15: Timestep is 2.348
11: Timestep is 2.348
4: Timestep is 2.348
14: Timestep is 2.348
5: Timestep is 2.348
16: Timestep is 2.348
18: Timestep is 2.348
6: Timestep is 2.348
1: Write took 0 seconds
1: Write took 0 seconds
1: Write took 0 seconds
1: Write took 0 seconds
1: Write took 0 seconds
1: Write took 0 seconds
1: Write took 0 seconds
1: Write took 0 seconds
1: Write took 0 seconds
1: Write took 0 seconds
1: Write took 0 seconds
1: Write took 0 seconds
1: Write took 0 seconds
1: Write took 0 seconds
1: Write took 0 seconds
1: Write took 0 seconds
1: Write took 0 seconds
1: Write took 0 seconds
1: Write took 0 seconds
1: Write took 0 seconds
S matrix
1 0 0 0 0 0 0 
0 1.3 0.911 0.48 0.723 0.309 0.101 
0 0.911 0.863 0.592 0.472 0.218 0.08 
0 0.48 0.592 0.504 0.227 0.114 0.0473 
0 0.723 0.472 0.227 1.36 0.623 0.202 
0 0.309 0.218 0.114 0.623 0.354 0.138 
0 0.101 0.08 0.0473 0.202 0.138 0.0652 
H matrix
-7.61 -0.0308 -0.0614 -0.0471 0.611 0.374 0.16 
-0.0143 -8.91 -6.19 -3.21 -4.92 -2.07 -0.651 
-0.0457 -6.19 -5.61 -3.61 -3.2 -1.43 -0.501 
-0.0346 -3.22 -3.62 -2.59 -1.54 -0.735 -0.284 
0.647 -4.92 -3.22 -1.57 -8.83 -3.93 -1.23 
0.426 -2.07 -1.44 -0.747 -3.93 -2.06 -0.707 
0.2 -0.649 -0.496 -0.281 -1.23 -0.699 -0.212 
S matrix
1 0 0 0 0 0 0 
0 1.3 0.911 0.48 0.723 0.309 0.101 
0 0.911 0.863 0.592 0.472 0.218 0.08 
0 0.48 0.592 0.504 0.227 0.114 0.0473 
0 0.723 0.472 0.227 1.36 0.623 0.202 
0 0.309 0.218 0.114 0.623 0.354 0.138 
0 0.101 0.08 0.0473 0.202 0.138 0.0652 
H matrix
-7.61 -0.0308 -0.0614 -0.0471 0.611 0.374 0.16 
-0.0143 -8.91 -6.19 -3.21 -4.92 -2.07 -0.651 
-0.0457 -6.19 -5.61 -3.61 -3.2 -1.43 -0.501 
-0.0346 -3.22 -3.62 -2.59 -1.54 -0.735 -0.284 
0.647 -4.92 -3.22 -1.57 -8.83 -3.93 -1.23 
0.426 -2.07 -1.44 -0.747 -3.93 -2.06 -0.707 
0.2 -0.649 -0.496 -0.281 -1.23 -0.699 -0.212 
S matrix
1 0 0 0 0 0 0 
0 1.3 0.911 0.48 0.723 0.309 0.101 
0 0.911 0.863 0.592 0.472 0.218 0.08 
0 0.48 0.592 0.504 0.227 0.114 0.0473 
0 0.723 0.472 0.227 1.36 0.623 0.202 
0 0.309 0.218 0.114 0.623 0.354 0.138 
0 0.101 0.08 0.0473 0.202 0.138 0.0652 
H matrix
-7.61 -0.0308 -0.0614 -0.0471 0.611 0.374 0.16 
-0.0143 -8.91 -6.19 -3.21 -4.92 -2.07 -0.651 
-0.0457 -6.19 -5.61 -3.61 -3.2 -1.43 -0.501 
-0.0346 -3.22 -3.62 -2.59 -1.54 -0.735 -0.284 
0.647 -4.92 -3.22 -1.57 -8.83 -3.93 -1.23 
0.426 -2.07 -1.44 -0.747 -3.93 -2.06 -0.707 
0.2 -0.649 -0.496 -0.281 -1.23 -0.699 -0.212 
S matrix
1 0 0 0 0 0 0 
0 1.3 0.911 0.48 0.723 0.309 0.101 
0 0.911 0.863 0.592 0.472 0.218 0.08 
0 0.48 0.592 0.504 0.227 0.114 0.0473 
0 0.723 0.472 0.227 1.36 0.623 0.202 
0 0.309 0.218 0.114 0.623 0.354 0.138 
0 0.101 0.08 0.0473 0.202 0.138 0.0652 
H matrix
-7.61 -0.0308 -0.0614 -0.0471 0.611 0.374 0.16 
-0.0143 -8.91 -6.19 -3.21 -4.92 -2.07 -0.651 
-0.0457 -6.19 -5.61 -3.61 -3.2 -1.43 -0.501 
-0.0346 -3.22 -3.62 -2.59 -1.54 -0.735 -0.284 
0.647 -4.92 -3.22 -1.57 -8.83 -3.93 -1.23 
0.426 -2.07 -1.44 -0.747 -3.93 -2.06 -0.707 
0.2 -0.649 -0.496 -0.281 -1.23 -0.699 -0.212 
S matrix
1 0 0 0 0 0 0 
0 1.3 0.911 0.48 0.723 0.309 0.101 
0 0.911 0.863 0.592 0.472 0.218 0.08 
0 0.48 0.592 0.504 0.227 0.114 0.0473 
0 0.723 0.472 0.227 1.36 0.623 0.202 
0 0.309 0.218 0.114 0.623 0.354 0.138 
0 0.101 0.08 0.0473 0.202 0.138 0.0652 
H matrix
-7.61 -0.0308 -0.0614 -0.0471 0.611 0.374 0.16 
-0.0143 -8.91 -6.19 -3.21 -4.92 -2.07 -0.651 
-0.0457 -6.19 -5.61 -3.61 -3.2 -1.43 -0.501 
-0.0346 -3.22 -3.62 -2.59 -1.54 -0.735 -0.284 
0.647 -4.92 -3.22 -1.57 -8.83 -3.93 -1.23 
0.426 -2.07 -1.44 -0.747 -3.93 -2.06 -0.707 
0.2 -0.649 -0.496 -0.281 -1.23 -0.699 -0.212 
S matrix
1 0 0 0 0 0 0 
0 1.3 0.911 0.48 0.723 0.309 0.101 
0 0.911 0.863 0.592 0.472 0.218 0.08 
0 0.48 0.592 0.504 0.227 0.114 0.0473 
0 0.723 0.472 0.227 1.36 0.623 0.202 
0 0.309 0.218 0.114 0.623 0.354 0.138 
0 0.101 0.08 0.0473 0.202 0.138 0.0652 
H matrix
-7.61 -0.0308 -0.0614 -0.0471 0.611 0.374 0.16 
-0.0143 -8.91 -6.19 -3.21 -4.92 -2.07 -0.651 
-0.0457 -6.19 -5.61 -3.61 -3.2 -1.43 -0.501 
-0.0346 -3.22 -3.62 -2.59 -1.54 -0.735 -0.284 
0.647 -4.92 -3.22 -1.57 -8.83 -3.93 -1.23 
0.426 -2.07 -1.44 -0.747 -3.93 -2.06 -0.707 
0.2 -0.649 -0.496 -0.281 -1.23 -0.699 -0.212 
S matrix
1 0 0 0 0 0 0 
0 1.3 0.911 0.48 0.723 0.309 0.101 
0 0.911 0.863 0.592 0.472 0.218 0.08 
0 0.48 0.592 0.504 0.227 0.114 0.0473 
0 0.723 0.472 0.227 1.36 0.623 0.202 
0 0.309 0.218 0.114 0.623 0.354 0.138 
0 0.101 0.08 0.0473 0.202 0.138 0.0652 
H matrix
-7.61 -0.0308 -0.0614 -0.0471 0.611 0.374 0.16 
-0.0143 -8.91 -6.19 -3.21 -4.92 -2.07 -0.651 
-0.0457 -6.19 -5.61 -3.61 -3.2 -1.43 -0.501 
-0.0346 -3.22 -3.62 -2.59 -1.54 -0.735 -0.284 
0.647 -4.92 -3.22 -1.57 -8.83 -3.93 -1.23 
0.426 -2.07 -1.44 -0.747 -3.93 -2.06 -0.707 
0.2 -0.649 -0.496 -0.281 -1.23 -0.699 -0.212 
S matrix
1 0 0 0 0 0 0 
0 1.3 0.911 0.48 0.723 0.309 0.101 
0 0.911 0.863 0.592 0.472 0.218 0.08 
0 0.48 0.592 0.504 0.227 0.114 0.0473 
0 0.723 0.472 0.227 1.36 0.623 0.202 
0 0.309 0.218 0.114 0.623 0.354 0.138 
0 0.101 0.08 0.0473 0.202 0.138 0.0652 
H matrix
-7.61 -0.0308 -0.0614 -0.0471 0.611 0.374 0.16 
-0.0143 -8.91 -6.19 -3.21 -4.92 -2.07 -0.651 
-0.0457 -6.19 -5.61 -3.61 -3.2 -1.43 -0.501 
-0.0346 -3.22 -3.62 -2.59 -1.54 -0.735 -0.284 
0.647 -4.92 -3.22 -1.57 -8.83 -3.93 -1.23 
0.426 -2.07 -1.44 -0.747 -3.93 -2.06 -0.707 
0.2 -0.649 -0.496 -0.281 -1.23 -0.699 -0.212 
S matrix
1 0 0 0 0 0 0 
0 1.3 0.911 0.48 0.723 0.309 0.101 
0 0.911 0.863 0.592 0.472 0.218 0.08 
0 0.48 0.592 0.504 0.227 0.114 0.0473 
0 0.723 0.472 0.227 1.36 0.623 0.202 
0 0.309 0.218 0.114 0.623 0.354 0.138 
0 0.101 0.08 0.0473 0.202 0.138 0.0652 
H matrix
-7.61 -0.0308 -0.0614 -0.0471 0.611 0.374 0.16 
-0.0143 -8.91 -6.19 -3.21 -4.92 -2.07 -0.651 
-0.0457 -6.19 -5.61 -3.61 -3.2 -1.43 -0.501 
-0.0346 -3.22 -3.62 -2.59 -1.54 -0.735 -0.284 
0.647 -4.92 -3.22 -1.57 -8.83 -3.93 -1.23 
0.426 -2.07 -1.44 -0.747 -3.93 -2.06 -0.707 
0.2 -0.649 -0.496 -0.281 -1.23 -0.699 -0.212 
S matrix
1 0 0 0 0 0 0 
0 1.3 0.911 0.48 0.723 0.309 0.101 
0 0.911 0.863 0.592 0.472 0.218 0.08 
0 0.48 0.592 0.504 0.227 0.114 0.0473 
0 0.723 0.472 0.227 1.36 0.623 0.202 
0 0.309 0.218 0.114 0.623 0.354 0.138 
0 0.101 0.08 0.0473 0.202 0.138 0.0652 
H matrix
-7.61 -0.0308 -0.0614 -0.0471 0.611 0.374 0.16 
-0.0143 -8.91 -6.19 -3.21 -4.92 -2.07 -0.651 
-0.0457 -6.19 -5.61 -3.61 -3.2 -1.43 -0.501 
-0.0346 -3.22 -3.62 -2.59 -1.54 -0.735 -0.284 
0.647 -4.92 -3.22 -1.57 -8.83 -3.93 -1.23 
0.426 -2.07 -1.44 -0.747 -3.93 -2.06 -0.707 
0.2 -0.649 -0.496 -0.281 -1.23 -0.699 -0.212 
S matrix
1 0 0 0 0 0 0 
0 1.3 0.911 0.48 0.723 0.309 0.101 
0 0.911 0.863 0.592 0.472 0.218 0.08 
0 0.48 0.592 0.504 0.227 0.114 0.0473 
0 0.723 0.472 0.227 1.36 0.623 0.202 
0 0.309 0.218 0.114 0.623 0.354 0.138 
0 0.101 0.08 0.0473 0.202 0.138 0.0652 
H matrix
-7.61 -0.0308 -0.0614 -0.0471 0.611 0.374 0.16 
-0.0143 -8.91 -6.19 -3.21 -4.92 -2.07 -0.651 
-0.0457 -6.19 -5.61 -3.61 -3.2 -1.43 -0.501 
-0.0346 -3.22 -3.62 -2.59 -1.54 -0.735 -0.284 
0.647 -4.92 -3.22 -1.57 -8.83 -3.93 -1.23 
0.426 -2.07 -1.44 -0.747 -3.93 -2.06 -0.707 
0.2 -0.649 -0.496 -0.281 -1.23 -0.699 -0.212 
S matrix
1 0 0 0 0 0 0 
0 1.3 0.911 0.48 0.723 0.309 0.101 
0 0.911 0.863 0.592 0.472 0.218 0.08 
0 0.48 0.592 0.504 0.227 0.114 0.0473 
0 0.723 0.472 0.227 1.36 0.623 0.202 
0 0.309 0.218 0.114 0.623 0.354 0.138 
0 0.101 0.08 0.0473 0.202 0.138 0.0652 
H matrix
-7.61 -0.0308 -0.0614 -0.0471 0.611 0.374 0.16 
-0.0143 -8.91 -6.19 -3.21 -4.92 -2.07 -0.651 
-0.0457 -6.19 -5.61 -3.61 -3.2 -1.43 -0.501 
-0.0346 -3.22 -3.62 -2.59 -1.54 -0.735 -0.284 
0.647 -4.92 -3.22 -1.57 -8.83 -3.93 -1.23 
0.426 -2.07 -1.44 -0.747 -3.93 -2.06 -0.707 
0.2 -0.649 -0.496 -0.281 -1.23 -0.699 -0.212 
S matrix
1 0 0 0 0 0 0 
0 1.3 0.911 0.48 0.723 0.309 0.101 
0 0.911 0.863 0.592 0.472 0.218 0.08 
0 0.48 0.592 0.504 0.227 0.114 0.0473 
0 0.723 0.472 0.227 1.36 0.623 0.202 
0 0.309 0.218 0.114 0.623 0.354 0.138 
0 0.101 0.08 0.0473 0.202 0.138 0.0652 
H matrix
-7.61 -0.0308 -0.0614 -0.0471 0.611 0.374 0.16 
-0.0143 -8.91 -6.19 -3.21 -4.92 -2.07 -0.651 
-0.0457 -6.19 -5.61 -3.61 -3.2 -1.43 -0.501 
-0.0346 -3.22 -3.62 -2.59 -1.54 -0.735 -0.284 
0.647 -4.92 -3.22 -1.57 -8.83 -3.93 -1.23 
0.426 -2.07 -1.44 -0.747 -3.93 -2.06 -0.707 
0.2 -0.649 -0.496 -0.281 -1.23 -0.699 -0.212 
S matrix
1 0 0 0 0 0 0 
0 1.3 0.911 0.48 0.723 0.309 0.101 
0 0.911 0.863 0.592 0.472 0.218 0.08 
0 0.48 0.592 0.504 0.227 0.114 0.0473 
0 0.723 0.472 0.227 1.36 0.623 0.202 
0 0.309 0.218 0.114 0.623 0.354 0.138 
0 0.101 0.08 0.0473 0.202 0.138 0.0652 
H matrix
-7.61 -0.0308 -0.0614 -0.0471 0.611 0.374 0.16 
-0.0143 -8.91 -6.19 -3.21 -4.92 -2.07 -0.651 
-0.0457 -6.19 -5.61 -3.61 -3.2 -1.43 -0.501 
-0.0346 -3.22 -3.62 -2.59 -1.54 -0.735 -0.284 
0.647 -4.92 -3.22 -1.57 -8.83 -3.93 -1.23 
0.426 -2.07 -1.44 -0.747 -3.93 -2.06 -0.707 
0.2 -0.649 -0.496 -0.281 -1.23 -0.699 -0.212 
S matrix
1 0 0 0 0 0 0 
0 1.3 0.911 0.48 0.723 0.309 0.101 
0 0.911 0.863 0.592 0.472 0.218 0.08 
0 0.48 0.592 0.504 0.227 0.114 0.0473 
0 0.723 0.472 0.227 1.36 0.623 0.202 
0 0.309 0.218 0.114 0.623 0.354 0.138 
0 0.101 0.08 0.0473 0.202 0.138 0.0652 
H matrix
-7.61 -0.0308 -0.0614 -0.0471 0.611 0.374 0.16 
-0.0143 -8.91 -6.19 -3.21 -4.92 -2.07 -0.651 
-0.0457 -6.19 -5.61 -3.61 -3.2 -1.43 -0.501 
-0.0346 -3.22 -3.62 -2.59 -1.54 -0.735 -0.284 
0.647 -4.92 -3.22 -1.57 -8.83 -3.93 -1.23 
0.426 -2.07 -1.44 -0.747 -3.93 -2.06 -0.707 
0.2 -0.649 -0.496 -0.281 -1.23 -0.699 -0.212 
S matrix
1 0 0 0 0 0 0 
0 1.3 0.911 0.48 0.723 0.309 0.101 
0 0.911 0.863 0.592 0.472 0.218 0.08 
0 0.48 0.592 0.504 0.227 0.114 0.0473 
0 0.723 0.472 0.227 1.36 0.623 0.202 
0 0.309 0.218 0.114 0.623 0.354 0.138 
0 0.101 0.08 0.0473 0.202 0.138 0.0652 
H matrix
-7.61 -0.0308 -0.0614 -0.0471 0.611 0.374 0.16 
-0.0143 -8.91 -6.19 -3.21 -4.92 -2.07 -0.651 
-0.0457 -6.19 -5.61 -3.61 -3.2 -1.43 -0.501 
-0.0346 -3.22 -3.62 -2.59 -1.54 -0.735 -0.284 
0.647 -4.92 -3.22 -1.57 -8.83 -3.93 -1.23 
0.426 -2.07 -1.44 -0.747 -3.93 -2.06 -0.707 
0.2 -0.649 -0.496 -0.281 -1.23 -0.699 -0.212 
S matrix
1 0 0 0 0 0 0 
0 1.3 0.911 0.48 0.723 0.309 0.101 
0 0.911 0.863 0.592 0.472 0.218 0.08 
0 0.48 0.592 0.504 0.227 0.114 0.0473 
0 0.723 0.472 0.227 1.36 0.623 0.202 
0 0.309 0.218 0.114 0.623 0.354 0.138 
0 0.101 0.08 0.0473 0.202 0.138 0.0652 
H matrix
-7.61 -0.0308 -0.0614 -0.0471 0.611 0.374 0.16 
-0.0143 -8.91 -6.19 -3.21 -4.92 -2.07 -0.651 
-0.0457 -6.19 -5.61 -3.61 -3.2 -1.43 -0.501 
-0.0346 -3.22 -3.62 -2.59 -1.54 -0.735 -0.284 
0.647 -4.92 -3.22 -1.57 -8.83 -3.93 -1.23 
0.426 -2.07 -1.44 -0.747 -3.93 -2.06 -0.707 
0.2 -0.649 -0.496 -0.281 -1.23 -0.699 -0.212 
S matrix
1 0 0 0 0 0 0 
0 1.3 0.911 0.48 0.723 0.309 0.101 
0 0.911 0.863 0.592 0.472 0.218 0.08 
0 0.48 0.592 0.504 0.227 0.114 0.0473 
0 0.723 0.472 0.227 1.36 0.623 0.202 
0 0.309 0.218 0.114 0.623 0.354 0.138 
0 0.101 0.08 0.0473 0.202 0.138 0.0652 
H matrix
-7.61 -0.0308 -0.0614 -0.0471 0.611 0.374 0.16 
-0.0143 -8.91 -6.19 -3.21 -4.92 -2.07 -0.651 
-0.0457 -6.19 -5.61 -3.61 -3.2 -1.43 -0.501 
-0.0346 -3.22 -3.62 -2.59 -1.54 -0.735 -0.284 
0.647 -4.92 -3.22 -1.57 -8.83 -3.93 -1.23 
0.426 -2.07 -1.44 -0.747 -3.93 -2.06 -0.707 
0.2 -0.649 -0.496 -0.281 -1.23 -0.699 -0.212 
S matrix
1 0 0 0 0 0 0 
0 1.3 0.911 0.48 0.723 0.309 0.101 
0 0.911 0.863 0.592 0.472 0.218 0.08 
0 0.48 0.592 0.504 0.227 0.114 0.0473 
0 0.723 0.472 0.227 1.36 0.623 0.202 
0 0.309 0.218 0.114 0.623 0.354 0.138 
0 0.101 0.08 0.0473 0.202 0.138 0.0652 
H matrix
-7.61 -0.0308 -0.0614 -0.0471 0.611 0.374 0.16 
-0.0143 -8.91 -6.19 -3.21 -4.92 -2.07 -0.651 
-0.0457 -6.19 -5.61 -3.61 -3.2 -1.43 -0.501 
-0.0346 -3.22 -3.62 -2.59 -1.54 -0.735 -0.284 
0.647 -4.92 -3.22 -1.57 -8.83 -3.93 -1.23 
0.426 -2.07 -1.44 -0.747 -3.93 -2.06 -0.707 
0.2 -0.649 -0.496 -0.281 -1.23 -0.699 -0.212 
proportions significant
S0 1
S 0.1666666667
H0 1
enderiv 0.5
H 0.1666666667
energy derivative -0.01653445804 +/- 0.006346009716
energy derivative -0.01563433449 +/- 0.0140194695
energy derivative -0.01252411626 +/- 0.03189519199
energy derivative -0.03607636846 +/- 0.008209116642
energy derivative -0.0518424786 +/- 0.007886621676
energy derivative -0.03998312592 +/- 0.01330181584
S matrix
1 0 0 0 0 0 0 
0 1.3 0.911 0.48 0.723 0.309 0.101 
0 0.911 0.863 0.592 0.472 0.218 0.08 
0 0.48 0.592 0.504 0.227 0.114 0.0473 
0 0.723 0.472 0.227 1.36 0.623 0.202 
0 0.309 0.218 0.114 0.623 0.354 0.138 
0 0.101 0.08 0.0473 0.202 0.138 0.0652 
H matrix
-7.61 -0.0308 -0.0614 -0.0471 0.611 0.374 0.16 
-0.0143 -8.91 -6.19 -3.21 -4.92 -2.07 -0.651 
-0.0457 -6.19 -5.61 -3.61 -3.2 -1.43 -0.501 
-0.0346 -3.22 -3.62 -2.59 -1.54 -0.735 -0.284 
0.647 -4.92 -3.22 -1.57 -8.83 -3.93 -1.23 
0.426 -2.07 -1.44 -0.747 -3.93 -2.06 -0.707 
0.2 -0.649 -0.496 -0.281 -1.23 -0.699 -0.212 
i 1 0.8915511808 prop_psi0 0.960827808
i 2 1.26303084 prop_psi0 0.9696430734
i 3 2.080286089 prop_psi0 0.9807927322
i 4 3.566204723 prop_psi0 0.9897081444
i 5 38.03951705 prop_psi0 0.9997995063
alphas
0 0 0 0 0 0 
0.0791 0.0548 0.00546 -0.2 -0.149 -0.0701 
0.0609 0.0453 0.00904 -0.181 -0.131 -0.0618 
0.0382 0.032 0.0106 -0.148 -0.104 -0.0491 
0.0204 0.0198 0.00886 -0.111 -0.0761 -0.0359 
0.000668 0.00138 0.000967 -0.0161 -0.0106 -0.005 
i 1 0.8915511808 prop_psi0 0.960827808
i 2 1.26303084 prop_psi0 0.9696430734
i 3 2.080286089 prop_psi0 0.9807927322
i 4 3.566204723 prop_psi0 0.9897081444
i 5 38.03951705 prop_psi0 0.9997995063
alphas
0 0 0 0 0 0 
0.0791 0.0548 0.00546 -0.2 -0.149 -0.0701 
0.0609 0.0453 0.00904 -0.181 -0.131 -0.0618 
0.0382 0.032 0.0106 -0.148 -0.104 -0.0491 
0.0204 0.0198 0.00886 -0.111 -0.0761 -0.0359 
0.000668 0.00138 0.000967 -0.0161 -0.0106 -0.005 
i 1 0.8915511808 prop_psi0 0.960827808
i 2 1.26303084 prop_psi0 0.9696430734
i 3 2.080286089 prop_psi0 0.9807927322
i 4 3.566204723 prop_psi0 0.9897081444
i 5 38.03951705 prop_psi0 0.9997995063
alphas
0 0 0 0 0 0 
0.0791 0.0548 0.00546 -0.2 -0.149 -0.0701 
0.0609 0.0453 0.00904 -0.181 -0.131 -0.0618 
0.0382 0.032 0.0106 -0.148 -0.104 -0.0491 
0.0204 0.0198 0.00886 -0.111 -0.0761 -0.0359 
0.000668 0.00138 0.000967 -0.0161 -0.0106 -0.005 
i 1 0.8915511808 prop_psi0 0.960827808
i 2 1.26303084 prop_psi0 0.9696430734
i 3 2.080286089 prop_psi0 0.9807927322
i 4 3.566204723 prop_psi0 0.9897081444
i 5 38.03951705 prop_psi0 0.9997995063
alphas
0 0 0 0 0 0 
0.0791 0.0548 0.00546 -0.2 -0.149 -0.0701 
0.0609 0.0453 0.00904 -0.181 -0.131 -0.0618 
0.0382 0.032 0.0106 -0.148 -0.104 -0.0491 
0.0204 0.0198 0.00886 -0.111 -0.0761 -0.0359 
0.000668 0.00138 0.000967 -0.0161 -0.0106 -0.005 
i 1 0.8915511808 prop_psi0 0.960827808
i 2 1.26303084 prop_psi0 0.9696430734
i 3 2.080286089 prop_psi0 0.9807927322
i 4 3.566204723 prop_psi0 0.9897081444
i 5 38.03951705 prop_psi0 0.9997995063
alphas
0 0 0 0 0 0 
0.0791 0.0548 0.00546 -0.2 -0.149 -0.0701 
0.0609 0.0453 0.00904 -0.181 -0.131 -0.0618 
0.0382 0.032 0.0106 -0.148 -0.104 -0.0491 
0.0204 0.0198 0.00886 -0.111 -0.0761 -0.0359 
0.000668 0.00138 0.000967 -0.0161 -0.0106 -0.005 
i 1 0.8915511808 prop_psi0 0.960827808
i 2 1.26303084 prop_psi0 0.9696430734
i 3 2.080286089 prop_psi0 0.9807927322
i 1 0.8915511808 prop_psi0 0.960827808
i 2 1.26303084 prop_psi0 0.9696430734
i 3 2.080286089 prop_psi0 0.9807927322
i 4 3.566204723 prop_psi0 0.9897081444
i 5 38.03951705 prop_psi0 0.9997995063
alphas
0 0 0 0 0 0 
0.0791 0.0548 0.00546 -0.2 -0.149 -0.0701 
0.0609 0.0453 0.00904 -0.181 -0.131 -0.0618 
0.0382 0.032 0.0106 -0.148 -0.104 -0.0491 
0.0204 0.0198 0.00886 -0.111 -0.0761 -0.0359 
0.000668 0.00138 0.000967 -0.0161 -0.0106 -0.005 
i 1 0.8915511808 prop_psi0 0.960827808
i 2 1.26303084 prop_psi0 0.9696430734
i 3 2.080286089 prop_psi0 0.9807927322
i 4 3.566204723 prop_psi0 0.9897081444
i 5 38.03951705 prop_psi0 0.9997995063
alphas
0 0 0 0 0 0 
0.0791 0.0548 0.00546 -0.2 -0.149 -0.0701 
0.0609 0.0453 0.00904 -0.181 -0.131 -0.0618 
0.0382 0.032 0.0106 -0.148 -0.104 -0.0491 
0.0204 0.0198 0.00886 -0.111 -0.0761 -0.0359 
0.000668 0.00138 0.000967 -0.0161 -0.0106 -0.005 
i 1 0.8915511808 prop_psi0 0.960827808
i 2 1.26303084 prop_psi0 0.9696430734
i 3 2.080286089 prop_psi0 0.9807927322
i 4 3.566204723 prop_psi0 0.9897081444
i 5 38.03951705 prop_psi0 0.9997995063
alphas
0 0 0 0 0 0 
0.0791 0.0548 0.00546 -0.2 -0.149 -0.0701 
0.0609 0.0453 0.00904 -0.181 -0.131 -0.0618 
0.0382 0.032 0.0106 -0.148 -0.104 -0.0491 
0.0204 0.0198 0.00886 -0.111 -0.0761 -0.0359 
0.000668 0.00138 0.000967 -0.0161 -0.0106 -0.005 
i 1 0.8915511808 prop_psi0 0.960827808
i 2 1.26303084 prop_psi0 0.9696430734
i 3 2.080286089 prop_psi0 0.9807927322
i 4 3.566204723 prop_psi0 0.9897081444
i 5 38.03951705 prop_psi0 0.9997995063
alphas
0 0 0 0 0 0 
0.0791 0.0548 0.00546 -0.2 -0.149 -0.0701 
0.0609 0.0453 0.00904 -0.181 -0.131 -0.0618 
0.0382 0.032 0.0106 -0.148 -0.104 -0.0491 
0.0204 0.0198 0.00886 -0.111 -0.0761 -0.0359 
0.000668 0.00138 0.000967 -0.0161 -0.0106 -0.005 
i 1 0.8915511808 prop_psi0 0.960827808
i 2 1.26303084 prop_psi0 0.9696430734
i 3 2.080286089 prop_psi0 0.9807927322
i 4 3.566204723 prop_psi0 0.9897081444
i 5 38.03951705 prop_psi0 0.9997995063
alphas
0 0 0 0 0 0 
0.0791 0.0548 0.00546 -0.2 -0.149 -0.0701 
0.0609 0.0453 0.00904 -0.181 -0.131 -0.0618 
0.0382 0.032 0.0106 -0.148 -0.104 -0.0491 
0.0204 0.0198 0.00886 -0.111 -0.0761 -0.0359 
0.000668 0.00138 0.000967 -0.0161 -0.0106 -0.005 
i 1 0.8915511808 prop_psi0 0.960827808
i 2 1.26303084 prop_psi0 0.9696430734
i 3 2.080286089 prop_psi0 0.9807927322
i 4 3.566204723 prop_psi0 0.9897081444
i 5 38.03951705 prop_psi0 0.9997995063
alphas
0 0 0 0 0 0 
0.0791 0.0548 0.00546 -0.2 -0.149 -0.0701 
0.0609 0.0453 0.00904 -0.181 -0.131 -0.0618 
0.0382 0.032 0.0106 -0.148 -0.104 -0.0491 
0.0204 0.0198 0.00886 -0.111 -0.0761 -0.0359 
0.000668 0.00138 0.000967 -0.0161 -0.0106 -0.005 
i 1 0.8915511808 prop_psi0 0.960827808
i 2 1.26303084 prop_psi0 0.9696430734
i 3 2.080286089 prop_psi0 0.9807927322
i 4 3.566204723 prop_psi0 0.9897081444
i 5 38.03951705 prop_psi0 0.9997995063
alphas
0 0 0 0 0 0 
0.0791 0.0548 0.00546 -0.2 -0.149 -0.0701 
0.0609 0.0453 0.00904 -0.181 -0.131 -0.0618 
0.0382 0.032 0.0106 -0.148 -0.104 -0.0491 
0.0204 0.0198 0.00886 -0.111 -0.0761 -0.0359 
0.000668 0.00138 0.000967 -0.0161 -0.0106 -0.005 
i 1 0.8915511808 prop_psi0 0.960827808
i 2 1.26303084 prop_psi0 0.9696430734
i 3 2.080286089 prop_psi0 0.9807927322
i 4 3.566204723 prop_psi0 0.9897081444
i 5 38.03951705 prop_psi0 0.9997995063
alphas
0 0 0 0 0 0 
0.0791 0.0548 0.00546 -0.2 -0.149 -0.0701 
0.0609 0.0453 0.00904 -0.181 -0.131 -0.0618 
0.0382 0.032 0.0106 -0.148 -0.104 -0.0491 
0.0204 0.0198 0.00886 -0.111 -0.0761 -0.0359 
0.000668 0.00138 0.000967 -0.0161 -0.0106 -0.005 
i 1 0.8915511808 prop_psi0 0.960827808
i 2 1.26303084 prop_psi0 0.9696430734
i 3 2.080286089 prop_psi0 0.9807927322
i 4 3.566204723 prop_psi0 0.9897081444
i 5 38.03951705 prop_psi0 0.9997995063
alphas
0 0 0 0 0 0 
0.0791 0.0548 0.00546 -0.2 -0.149 -0.0701 
0.0609 0.0453 0.00904 -0.181 -0.131 -0.0618 
0.0382 0.032 0.0106 -0.148 -0.104 -0.0491 
0.0204 0.0198 0.00886 -0.111 -0.0761 -0.0359 
0.000668 0.00138 0.000967 -0.0161 -0.0106 -0.005 
i 1 0.8915511808 prop_psi0 0.960827808
i 2 1.26303084 prop_psi0 0.9696430734
i 3 2.080286089 prop_psi0 0.9807927322
i 4 3.566204723 prop_psi0 0.9897081444
i 5 38.03951705 prop_psi0 0.9997995063
alphas
0 0 0 0 0 0 
0.0791 0.0548 0.00546 -0.2 -0.149 -0.0701 
0.0609 0.0453 0.00904 -0.181 -0.131 -0.0618 
0.0382 0.032 0.0106 -0.148 -0.104 -0.0491 
0.0204 0.0198 0.00886 -0.111 -0.0761 -0.0359 
0.000668 0.00138 0.000967 -0.0161 -0.0106 -0.005 
i 4 3.566204723 prop_psi0 0.9897081444
i 5 38.03951705 prop_psi0 0.9997995063
alphas
0 0 0 0 0 0 
0.0791 0.0548 0.00546 -0.2 -0.149 -0.0701 
0.0609 0.0453 0.00904 -0.181 -0.131 -0.0618 
0.0382 0.032 0.0106 -0.148 -0.104 -0.0491 
0.0204 0.0198 0.00886 -0.111 -0.0761 -0.0359 
0.000668 0.00138 0.000967 -0.0161 -0.0106 -0.005 
i 1 0.8915511808 prop_psi0 0.960827808
i 2 1.26303084 prop_psi0 0.9696430734
i 3 2.080286089 prop_psi0 0.9807927322
i 4 3.566204723 prop_psi0 0.9897081444
i 5 38.03951705 prop_psi0 0.9997995063
alphas
0 0 0 0 0 0 
0.0791 0.0548 0.00546 -0.2 -0.149 -0.0701 
0.0609 0.0453 0.00904 -0.181 -0.131 -0.0618 
0.0382 0.032 0.0106 -0.148 -0.104 -0.0491 
0.0204 0.0198 0.00886 -0.111 -0.0761 -0.0359 
0.000668 0.00138 0.000967 -0.0161 -0.0106 -0.005 
i 1 0.8915511808 prop_psi0 0.960827808
i 2 1.26303084 prop_psi0 0.9696430734
i 3 2.080286089 prop_psi0 0.9807927322
i 4 3.566204723 prop_psi0 0.9897081444
i 5 38.03951705 prop_psi0 0.9997995063
alphas
0 0 0 0 0 0 
0.0791 0.0548 0.00546 -0.2 -0.149 -0.0701 
0.0609 0.0453 0.00904 -0.181 -0.131 -0.0618 
0.0382 0.032 0.0106 -0.148 -0.104 -0.0491 
0.0204 0.0198 0.00886 -0.111 -0.0761 -0.0359 
0.000668 0.00138 0.000967 -0.0161 -0.0106 -0.005 
i 1 0.8915511808 prop_psi0 0.960827808
i 2 1.26303084 prop_psi0 0.9696430734
i 3 2.080286089 prop_psi0 0.9807927322
i 4 3.566204723 prop_psi0 0.9897081444
i 5 38.03951705 prop_psi0 0.9997995063
alphas
0 0 0 0 0 0 
0.0791 0.0548 0.00546 -0.2 -0.149 -0.0701 
0.0609 0.0453 0.00904 -0.181 -0.131 -0.0618 
0.0382 0.032 0.0106 -0.148 -0.104 -0.0491 
0.0204 0.0198 0.00886 -0.111 -0.0761 -0.0359 
0.000668 0.00138 0.000967 -0.0161 -0.0106 -0.005 
i 1 0.8915511808 prop_psi0 0.960827808
i 2 1.26303084 prop_psi0 0.9696430734
i 3 2.080286089 prop_psi0 0.9807927322
i 4 3.566204723 prop_psi0 0.9897081444
i 5 38.03951705 prop_psi0 0.9997995063
alphas
0 0 0 0 0 0 
0.0791 0.0548 0.00546 -0.2 -0.149 -0.0701 
0.0609 0.0453 0.00904 -0.181 -0.131 -0.0618 
0.0382 0.032 0.0106 -0.148 -0.104 -0.0491 
0.0204 0.0198 0.00886 -0.111 -0.0761 -0.0359 
0.000668 0.00138 0.000967 -0.0161 -0.0106 -0.005 
2: Timestep is 1.62
16: Timestep is 1.62
6: Timestep is 1.62
12: Timestep is 1.62
1: Timestep is 1.62
8: Timestep is 1.62
17: Timestep is 1.62
7: Timestep is 1.62
3: Timestep is 1.62
14: Timestep is 1.62
9: Timestep is 1.62
13: Timestep is 1.62
0: Timestep is 1.62
18: Timestep is 1.62
15: Timestep is 1.62
11: Timestep is 1.62
19: Timestep is 1.62
4: Timestep is 1.62
5: Timestep is 1.62
10: Timestep is 1.62
Energies
0+/-0
-0.276+/-0.0218
-0.255+/-0.0204
-0.219+/-0.0179
-0.175+/-0.0146
-0.0301+/-0.00267
Final alphas and E
-0.276+/-0.0218
0.0791 0.0548 0.00546 -0.2 -0.149 -0.0701 
Energies
0+/-0
-0.276+/-0.0218
-0.255+/-0.0204
-0.219+/-0.0179
-0.175+/-0.0146
-0.0301+/-0.00267
Final alphas and E
-0.276+/-0.0218
0.0791 0.0548 0.00546 -0.2 -0.149 -0.0701 
Energies
0+/-0
-0.276+/-0.0218
-0.255+/-0.0204
-0.219+/-0.0179
-0.175+/-0.0146
-0.0301+/-0.00267
Final alphas and E
-0.276+/-0.0218
0.0791 0.0548 0.00546 -0.2 -0.149 -0.0701 
Energies
0+/-0
-0.276+/-0.0218
-0.255+/-0.0204
-0.219+/-0.0179
-0.175+/-0.0146
-0.0301+/-0.00267
Final alphas and E
-0.276+/-0.0218
0.0791 0.0548 0.00546 -0.2 -0.149 -0.0701 
Energies
0+/-0
-0.276+/-0.0218
-0.255+/-0.0204
-0.219+/-0.0179
-0.175+/-0.0146
-0.0301+/-0.00267
Final alphas and E
-0.276+/-0.0218
0.0791 0.0548 0.00546 -0.2 -0.149 -0.0701 
Energies
0+/-0
-0.276+/-0.0218
-0.255+/-0.0204
-0.219+/-0.0179
-0.175+/-0.0146
-0.0301+/-0.00267
Final alphas and E
-0.276+/-0.0218
0.0791 0.0548 0.00546 -0.2 -0.149 -0.0701 
Energies
0+/-0
-0.276+/-0.0218
-0.255+/-0.0204
-0.219+/-0.0179
-0.175+/-0.0146
-0.0301+/-0.00267
Final alphas and E
-0.276+/-0.0218
0.0791 0.0548 0.00546 -0.2 -0.149 -0.0701 
Energies
0+/-0
-0.276+/-0.0218
-0.255+/-0.0204
-0.219+/-0.0179
-0.175+/-0.0146
-0.0301+/-0.00267
Final alphas and E
-0.276+/-0.0218
0.0791 0.0548 0.00546 -0.2 -0.149 -0.0701 
Energies
0+/-0
-0.276+/-0.0218
-0.255+/-0.0204
-0.219+/-0.0179
-0.175+/-0.0146
-0.0301+/-0.00267
Final alphas and E
-0.276+/-0.0218
0.0791 0.0548 0.00546 -0.2 -0.149 -0.0701 
Energies
0+/-0
-0.276+/-0.0218
-0.255+/-0.0204
-0.219+/-0.0179
-0.175+/-0.0146
-0.0301+/-0.00267
Final alphas and E
-0.276+/-0.0218
0.0791 0.0548 0.00546 -0.2 -0.149 -0.0701 
Energies
0+/-0
-0.276+/-0.0218
-0.255+/-0.0204
-0.219+/-0.0179
-0.175+/-0.0146
-0.0301+/-0.00267
Final alphas and E
-0.276+/-0.0218
0.0791 0.0548 0.00546 -0.2 -0.149 -0.0701 
Energies
0+/-0
-0.276+/-0.0218
-0.255+/-0.0204
-0.219+/-0.0179
-0.175+/-0.0146
-0.0301+/-0.00267
Final alphas and E
-0.276+/-0.0218
0.0791 0.0548 0.00546 -0.2 -0.149 -0.0701 
Energies
0+/-0
-0.276+/-0.0218
-0.255+/-0.0204
-0.219+/-0.0179
-0.175+/-0.0146
-0.0301+/-0.00267
Final alphas and E
-0.276+/-0.0218
0.0791 0.0548 0.00546 -0.2 -0.149 -0.0701 
Energies
0+/-0
-0.276+/-0.0218
-0.255+/-0.0204
-0.219+/-0.0179
-0.175+/-0.0146
-0.0301+/-0.00267
Significant change in energy -0.276 +/- 0.0218
Significant change in energy -0.255 +/- 0.0204
Significant change in energy -0.219 +/- 0.0179
Significant change in energy -0.175 +/- 0.0146
Significant change in energy -0.0301 +/- 0.00267
Final alphas and E
-0.276+/-0.0218
0.0791 0.0548 0.00546 -0.2 -0.149 -0.0701 
Energies
0+/-0
-0.276+/-0.0218
-0.255+/-0.0204
-0.219+/-0.0179
-0.175+/-0.0146
-0.0301+/-0.00267
Final alphas and E
-0.276+/-0.0218
0.0791 0.0548 0.00546 -0.2 -0.149 -0.0701 
Energies
0+/-0
-0.276+/-0.0218
-0.255+/-0.0204
-0.219+/-0.0179
-0.175+/-0.0146
-0.0301+/-0.00267
Final alphas and E
-0.276+/-0.0218
0.0791 0.0548 0.00546 -0.2 -0.149 -0.0701 
Energies
0+/-0
-0.276+/-0.0218
-0.255+/-0.0204
-0.219+/-0.0179
-0.175+/-0.0146
-0.0301+/-0.00267
Final alphas and E
-0.276+/-0.0218
0.0791 0.0548 0.00546 -0.2 -0.149 -0.0701 
Energies
0+/-0
-0.276+/-0.0218
-0.255+/-0.0204
-0.219+/-0.0179
-0.175+/-0.0146
-0.0301+/-0.00267
Final alphas and E
-0.276+/-0.0218
0.0791 0.0548 0.00546 -0.2 -0.149 -0.0701 
Energies
0+/-0
-0.276+/-0.0218
-0.255+/-0.0204
-0.219+/-0.0179
-0.175+/-0.0146
-0.0301+/-0.00267
Final alphas and E
-0.276+/-0.0218
0.0791 0.0548 0.00546 -0.2 -0.149 -0.0701 
Energies
0+/-0
-0.276+/-0.0218
-0.255+/-0.0204
-0.219+/-0.0179
-0.175+/-0.0146
-0.0301+/-0.00267
Final alphas and E
-0.276+/-0.0218
0.0791 0.0548 0.00546 -0.2 -0.149 -0.0701 
Read took 0 seconds
5: Timestep is 2.33
11: Timestep is 2.33
19: Timestep is 2.33
0: Timestep is 2.33
10: Timestep is 2.33
2: Timestep is 2.33
16: Timestep is 2.33
6: Timestep is 2.33
1: Timestep is 2.33
8: Timestep is 2.33
17: Timestep is 2.33
7: Timestep is 2.33
3: Timestep is 2.33
14: Timestep is 2.33
9: Timestep is 2.33
13: Timestep is 2.33
4: Timestep is 2.33
18: Timestep is 2.33
15: Timestep is 2.33
12: Timestep is 2.33
1: Write took 0 seconds
1: Write took 0 seconds
1: Write took 0 seconds
1: Write took 0 seconds
1: Write took 0 seconds
1: Write took 0 seconds
1: Write took 0 seconds
1: Write took 0 seconds
1: Write took 0 seconds
1: Write took 0 seconds
1: Write took 0 seconds
1: Write took 0 seconds
1: Write took 0 seconds
1: Write took 0 seconds
1: Write took 0 seconds
1: Write took 0 seconds
1: Write took 0 seconds
1: Write took 0 seconds
1: Write took 0 seconds
1: Write took 0 seconds
S matrix
1 0 0 0 0 0 0 
0 1.33 0.927 0.484 0.717 0.295 0.0926 
0 0.927 0.868 0.591 0.469 0.208 0.0734 
0 0.484 0.591 0.502 0.229 0.11 0.0439 
0 0.717 0.469 0.229 1.07 0.485 0.155 
0 0.295 0.208 0.11 0.485 0.276 0.106 
0 0.0926 0.0734 0.0439 0.155 0.106 0.0494 
H matrix
-7.9 -0.079 -0.0579 -0.0289 0.228 0.144 0.0649 
-0.0718 -9.52 -6.59 -3.42 -5.13 -2.08 -0.633 
-0.0548 -6.58 -5.92 -3.82 -3.34 -1.44 -0.478 
-0.00992 -3.39 -3.79 -2.73 -1.62 -0.736 -0.266 
0.263 -5.12 -3.34 -1.63 -7.39 -3.29 -1.03 
0.183 -2.08 -1.44 -0.748 -3.28 -1.74 -0.605 
0.0836 -0.642 -0.488 -0.278 -1.03 -0.603 -0.196 
S matrix
1 0 0 0 0 0 0 
0 1.33 0.927 0.484 0.717 0.295 0.0926 
0 0.927 0.868 0.591 0.469 0.208 0.0734 
0 0.484 0.591 0.502 0.229 0.11 0.0439 
0 0.717 0.469 0.229 1.07 0.485 0.155 
0 0.295 0.208 0.11 0.485 0.276 0.106 
0 0.0926 0.0734 0.0439 0.155 0.106 0.0494 
H matrix
-7.9 -0.079 -0.0579 -0.0289 0.228 0.144 0.0649 
-0.0718 -9.52 -6.59 -3.42 -5.13 -2.08 -0.633 
-0.0548 -6.58 -5.92 -3.82 -3.34 -1.44 -0.478 
-0.00992 -3.39 -3.79 -2.73 -1.62 -0.736 -0.266 
0.263 -5.12 -3.34 -1.63 -7.39 -3.29 -1.03 
0.183 -2.08 -1.44 -0.748 -3.28 -1.74 -0.605 
0.0836 -0.642 -0.488 -0.278 -1.03 -0.603 -0.196 
S matrix
1 0 0 0 0 0 0 
0 1.33 0.927 0.484 0.717 0.295 0.0926 
0 0.927 0.868 0.591 0.469 0.208 0.0734 
0 0.484 0.591 0.502 0.229 0.11 0.0439 
0 0.717 0.469 0.229 1.07 0.485 0.155 
0 0.295 0.208 0.11 0.485 0.276 0.106 
0 0.0926 0.0734 0.0439 0.155 0.106 0.0494 
H matrix
-7.9 -0.079 -0.0579 -0.0289 0.228 0.144 0.0649 
-0.0718 -9.52 -6.59 -3.42 -5.13 -2.08 -0.633 
-0.0548 -6.58 -5.92 -3.82 -3.34 -1.44 -0.478 
-0.00992 -3.39 -3.79 -2.73 -1.62 -0.736 -0.266 
0.263 -5.12 -3.34 -1.63 -7.39 -3.29 -1.03 
0.183 -2.08 -1.44 -0.748 -3.28 -1.74 -0.605 
0.0836 -0.642 -0.488 -0.278 -1.03 -0.603 -0.196 
S matrix
1 0 0 0 0 0 0 
0 1.33 0.927 0.484 0.717 0.295 0.0926 
0 0.927 0.868 0.591 0.469 0.208 0.0734 
0 0.484 0.591 0.502 0.229 0.11 0.0439 
0 0.717 0.469 0.229 1.07 0.485 0.155 
0 0.295 0.208 0.11 0.485 0.276 0.106 
0 0.0926 0.0734 0.0439 0.155 0.106 0.0494 
H matrix
-7.9 -0.079 -0.0579 -0.0289 0.228 0.144 0.0649 
-0.0718 -9.52 -6.59 -3.42 -5.13 -2.08 -0.633 
-0.0548 -6.58 -5.92 -3.82 -3.34 -1.44 -0.478 
-0.00992 -3.39 -3.79 -2.73 -1.62 -0.736 -0.266 
0.263 -5.12 -3.34 -1.63 -7.39 -3.29 -1.03 
0.183 -2.08 -1.44 -0.748 -3.28 -1.74 -0.605 
0.0836 -0.642 -0.488 -0.278 -1.03 -0.603 -0.196 
S matrix
1 0 0 0 0 0 0 
0 1.33 0.927 0.484 0.717 0.295 0.0926 
0 0.927 0.868 0.591 0.469 0.208 0.0734 
0 0.484 0.591 0.502 0.229 0.11 0.0439 
0 0.717 0.469 0.229 1.07 0.485 0.155 
0 0.295 0.208 0.11 0.485 0.276 0.106 
0 0.0926 0.0734 0.0439 0.155 0.106 0.0494 
H matrix
-7.9 -0.079 -0.0579 -0.0289 0.228 0.144 0.0649 
-0.0718 -9.52 -6.59 -3.42 -5.13 -2.08 -0.633 
-0.0548 -6.58 -5.92 -3.82 -3.34 -1.44 -0.478 
-0.00992 -3.39 -3.79 -2.73 -1.62 -0.736 -0.266 
0.263 -5.12 -3.34 -1.63 -7.39 -3.29 -1.03 
0.183 -2.08 -1.44 -0.748 -3.28 -1.74 -0.605 
0.0836 -0.642 -0.488 -0.278 -1.03 -0.603 -0.196 
S matrix
1 0 0 0 0 0 0 
0 1.33 0.927 0.484 0.717 0.295 0.0926 
0 0.927 0.868 0.591 0.469 0.208 0.0734 
0 0.484 0.591 0.502 0.229 0.11 0.0439 
0 0.717 0.469 0.229 1.07 0.485 0.155 
0 0.295 0.208 0.11 0.485 0.276 0.106 
0 0.0926 0.0734 0.0439 0.155 0.106 0.0494 
H matrix
-7.9 -0.079 -0.0579 -0.0289 0.228 0.144 0.0649 
-0.0718 -9.52 -6.59 -3.42 -5.13 -2.08 -0.633 
-0.0548 -6.58 -5.92 -3.82 -3.34 -1.44 -0.478 
-0.00992 -3.39 -3.79 -2.73 -1.62 -0.736 -0.266 
0.263 -5.12 -3.34 -1.63 -7.39 -3.29 -1.03 
0.183 -2.08 -1.44 -0.748 -3.28 -1.74 -0.605 
0.0836 -0.642 -0.488 -0.278 -1.03 -0.603 -0.196 
S matrix
1 0 0 0 0 0 0 
0 1.33 0.927 0.484 0.717 0.295 0.0926 
0 0.927 0.868 0.591 0.469 0.208 0.0734 
0 0.484 0.591 0.502 0.229 0.11 0.0439 
0 0.717 0.469 0.229 1.07 0.485 0.155 
0 0.295 0.208 0.11 0.485 0.276 0.106 
0 0.0926 0.0734 0.0439 0.155 0.106 0.0494 
H matrix
-7.9 -0.079 -0.0579 -0.0289 0.228 0.144 0.0649 
-0.0718 -9.52 -6.59 -3.42 -5.13 -2.08 -0.633 
-0.0548 -6.58 -5.92 -3.82 -3.34 -1.44 -0.478 
-0.00992 -3.39 -3.79 -2.73 -1.62 -0.736 -0.266 
0.263 -5.12 -3.34 -1.63 -7.39 -3.29 -1.03 
0.183 -2.08 -1.44 -0.748 -3.28 -1.74 -0.605 
0.0836 -0.642 -0.488 -0.278 -1.03 -0.603 -0.196 
S matrix
1 0 0 0 0 0 0 
0 1.33 0.927 0.484 0.717 0.295 0.0926 
0 0.927 0.868 0.591 0.469 0.208 0.0734 
0 0.484 0.591 0.502 0.229 0.11 0.0439 
0 0.717 0.469 0.229 1.07 0.485 0.155 
0 0.295 0.208 0.11 0.485 0.276 0.106 
0 0.0926 0.0734 0.0439 0.155 0.106 0.0494 
H matrix
-7.9 -0.079 -0.0579 -0.0289 0.228 0.144 0.0649 
-0.0718 -9.52 -6.59 -3.42 -5.13 -2.08 -0.633 
-0.0548 -6.58 -5.92 -3.82 -3.34 -1.44 -0.478 
-0.00992 -3.39 -3.79 -2.73 -1.62 -0.736 -0.266 
0.263 -5.12 -3.34 -1.63 -7.39 -3.29 -1.03 
0.183 -2.08 -1.44 -0.748 -3.28 -1.74 -0.605 
0.0836 -0.642 -0.488 -0.278 -1.03 -0.603 -0.196 
S matrix
1 0 0 0 0 0 0 
0 1.33 0.927 0.484 0.717 0.295 0.0926 
0 0.927 0.868 0.591 0.469 0.208 0.0734 
0 0.484 0.591 0.502 0.229 0.11 0.0439 
0 0.717 0.469 0.229 1.07 0.485 0.155 
0 0.295 0.208 0.11 0.485 0.276 0.106 
0 0.0926 0.0734 0.0439 0.155 0.106 0.0494 
H matrix
-7.9 -0.079 -0.0579 -0.0289 0.228 0.144 0.0649 
-0.0718 -9.52 -6.59 -3.42 -5.13 -2.08 -0.633 
-0.0548 -6.58 -5.92 -3.82 -3.34 -1.44 -0.478 
-0.00992 -3.39 -3.79 -2.73 -1.62 -0.736 -0.266 
0.263 -5.12 -3.34 -1.63 -7.39 -3.29 -1.03 
0.183 -2.08 -1.44 -0.748 -3.28 -1.74 -0.605 
0.0836 -0.642 -0.488 -0.278 -1.03 -0.603 -0.196 
S matrix
1 0 0 0 0 0 0 
0 1.33 0.927 0.484 0.717 0.295 0.0926 
0 0.927 0.868 0.591 0.469 0.208 0.0734 
0 0.484 0.591 0.502 0.229 0.11 0.0439 
0 0.717 0.469 0.229 1.07 0.485 0.155 
0 0.295 0.208 0.11 0.485 0.276 0.106 
0 0.0926 0.0734 0.0439 0.155 0.106 0.0494 
H matrix
-7.9 -0.079 -0.0579 -0.0289 0.228 0.144 0.0649 
-0.0718 -9.52 -6.59 -3.42 -5.13 -2.08 -0.633 
-0.0548 -6.58 -5.92 -3.82 -3.34 -1.44 -0.478 
-0.00992 -3.39 -3.79 -2.73 -1.62 -0.736 -0.266 
0.263 -5.12 -3.34 -1.63 -7.39 -3.29 -1.03 
0.183 -2.08 -1.44 -0.748 -3.28 -1.74 -0.605 
0.0836 -0.642 -0.488 -0.278 -1.03 -0.603 -0.196 
S matrix
1 0 0 0 0 0 0 
0 1.33 0.927 0.484 0.717 0.295 0.0926 
0 0.927 0.868 0.591 0.469 0.208 0.0734 
0 0.484 0.591 0.502 0.229 0.11 0.0439 
0 0.717 0.469 0.229 1.07 0.485 0.155 
0 0.295 0.208 0.11 0.485 0.276 0.106 
0 0.0926 0.0734 0.0439 0.155 0.106 0.0494 
H matrix
-7.9 -0.079 -0.0579 -0.0289 0.228 0.144 0.0649 
-0.0718 -9.52 -6.59 -3.42 -5.13 -2.08 -0.633 
-0.0548 -6.58 -5.92 -3.82 -3.34 -1.44 -0.478 
-0.00992 -3.39 -3.79 -2.73 -1.62 -0.736 -0.266 
0.263 -5.12 -3.34 -1.63 -7.39 -3.29 -1.03 
0.183 -2.08 -1.44 -0.748 -3.28 -1.74 -0.605 
0.0836 -0.642 -0.488 -0.278 -1.03 -0.603 -0.196 
S matrix
1 0 0 0 0 0 0 
0 1.33 0.927 0.484 0.717 0.295 0.0926 
0 0.927 0.868 0.591 0.469 0.208 0.0734 
0 0.484 0.591 0.502 0.229 0.11 0.0439 
0 0.717 0.469 0.229 1.07 0.485 0.155 
0 0.295 0.208 0.11 0.485 0.276 0.106 
0 0.0926 0.0734 0.0439 0.155 0.106 0.0494 
H matrix
-7.9 -0.079 -0.0579 -0.0289 0.228 0.144 0.0649 
-0.0718 -9.52 -6.59 -3.42 -5.13 -2.08 -0.633 
-0.0548 -6.58 -5.92 -3.82 -3.34 -1.44 -0.478 
-0.00992 -3.39 -3.79 -2.73 -1.62 -0.736 -0.266 
0.263 -5.12 -3.34 -1.63 -7.39 -3.29 -1.03 
0.183 -2.08 -1.44 -0.748 -3.28 -1.74 -0.605 
0.0836 -0.642 -0.488 -0.278 -1.03 -0.603 -0.196 
S matrix
1 0 0 0 0 0 0 
0 1.33 0.927 0.484 0.717 0.295 0.0926 
0 0.927 0.868 0.591 0.469 0.208 0.0734 
0 0.484 0.591 0.502 0.229 0.11 0.0439 
0 0.717 0.469 0.229 1.07 0.485 0.155 
0 0.295 0.208 0.11 0.485 0.276 0.106 
0 0.0926 0.0734 0.0439 0.155 0.106 0.0494 
H matrix
-7.9 -0.079 -0.0579 -0.0289 0.228 0.144 0.0649 
-0.0718 -9.52 -6.59 -3.42 -5.13 -2.08 -0.633 
-0.0548 -6.58 -5.92 -3.82 -3.34 -1.44 -0.478 
-0.00992 -3.39 -3.79 -2.73 -1.62 -0.736 -0.266 
0.263 -5.12 -3.34 -1.63 -7.39 -3.29 -1.03 
0.183 -2.08 -1.44 -0.748 -3.28 -1.74 -0.605 
0.0836 -0.642 -0.488 -0.278 -1.03 -0.603 -0.196 
S matrix
1 0 0 0 0 0 0 
0 1.33 0.927 0.484 0.717 0.295 0.0926 
0 0.927 0.868 0.591 0.469 0.208 0.0734 
0 0.484 0.591 0.502 0.229 0.11 0.0439 
0 0.717 0.469 0.229 1.07 0.485 0.155 
0 0.295 0.208 0.11 0.485 0.276 0.106 
0 0.0926 0.0734 0.0439 0.155 0.106 0.0494 
H matrix
-7.9 -0.079 -0.0579 -0.0289 0.228 0.144 0.0649 
-0.0718 -9.52 -6.59 -3.42 -5.13 -2.08 -0.633 
-0.0548 -6.58 -5.92 -3.82 -3.34 -1.44 -0.478 
-0.00992 -3.39 -3.79 -2.73 -1.62 -0.736 -0.266 
0.263 -5.12 -3.34 -1.63 -7.39 -3.29 -1.03 
0.183 -2.08 -1.44 -0.748 -3.28 -1.74 -0.605 
0.0836 -0.642 -0.488 -0.278 -1.03 -0.603 -0.196 
S matrix
1 0 0 0 0 0 0 
0 1.33 0.927 0.484 0.717 0.295 0.0926 
0 0.927 0.868 0.591 0.469 0.208 0.0734 
0 0.484 0.591 0.502 0.229 0.11 0.0439 
0 0.717 0.469 0.229 1.07 0.485 0.155 
0 0.295 0.208 0.11 0.485 0.276 0.106 
0 0.0926 0.0734 0.0439 0.155 0.106 0.0494 
H matrix
-7.9 -0.079 -0.0579 -0.0289 0.228 0.144 0.0649 
-0.0718 -9.52 -6.59 -3.42 -5.13 -2.08 -0.633 
-0.0548 -6.58 -5.92 -3.82 -3.34 -1.44 -0.478 
-0.00992 -3.39 -3.79 -2.73 -1.62 -0.736 -0.266 
0.263 -5.12 -3.34 -1.63 -7.39 -3.29 -1.03 
0.183 -2.08 -1.44 -0.748 -3.28 -1.74 -0.605 
0.0836 -0.642 -0.488 -0.278 -1.03 -0.603 -0.196 
S matrix
1 0 0 0 0 0 0 
0 1.33 0.927 0.484 0.717 0.295 0.0926 
0 0.927 0.868 0.591 0.469 0.208 0.0734 
0 0.484 0.591 0.502 0.229 0.11 0.0439 
0 0.717 0.469 0.229 1.07 0.485 0.155 
0 0.295 0.208 0.11 0.485 0.276 0.106 
0 0.0926 0.0734 0.0439 0.155 0.106 0.0494 
H matrix
-7.9 -0.079 -0.0579 -0.0289 0.228 0.144 0.0649 
-0.0718 -9.52 -6.59 -3.42 -5.13 -2.08 -0.633 
-0.0548 -6.58 -5.92 -3.82 -3.34 -1.44 -0.478 
-0.00992 -3.39 -3.79 -2.73 -1.62 -0.736 -0.266 
0.263 -5.12 -3.34 -1.63 -7.39 -3.29 -1.03 
0.183 -2.08 -1.44 -0.748 -3.28 -1.74 -0.605 
0.0836 -0.642 -0.488 -0.278 -1.03 -0.603 -0.196 
S matrix
1 0 0 0 0 0 0 
0 1.33 0.927 0.484 0.717 0.295 0.0926 
0 0.927 0.868 0.591 0.469 0.208 0.0734 
0 0.484 0.591 0.502 0.229 0.11 0.0439 
