0: output to qwalk_200.linear.o
cutoff 10.3947
1: cell volume 22854.8
1: elsu 15.1178
1: alpha 0.330736
2: cell volume 22854.8
2: elsu 15.1178
2: alpha 0.330736
3: cell volume 22854.8
3: elsu 15.1178
3: alpha 0.330736
8: cell volume 22854.8
8: elsu 15.1178
8: alpha 0.330736
9: cell volume 22854.8
9: elsu 15.1178
9: alpha 0.330736
10: cell volume 22854.8
10: elsu 15.1178
10: alpha 0.330736
14: cell volume 22854.8
14: elsu 15.1178
14: alpha 0.330736
15: cell volume 22854.8
15: elsu 15.1178
15: alpha 0.330736
17: cell volume 22854.8
17: elsu 15.1178
17: alpha 0.330736
19: cell volume 22854.8
19: elsu 15.1178
19: alpha 0.330736
6: cell volume 22854.8
6: elsu 15.1178
6: alpha 0.330736
18: cell volume 22854.8
18: elsu 15.1178
18: alpha 0.330736
16: cell volume 22854.8
16: elsu 15.1178
16: alpha 0.330736
 total centers 200
0: cell volume 22854.8
**Warning** atom 1 is out of the simulation cell.  Putting it inside.
**Warning** atom 2 is out of the simulation cell.  Putting it inside.
**Warning** atom 3 is out of the simulation cell.  Putting it inside.
**Warning** atom 5 is out of the simulation cell.  Putting it inside.
**Warning** atom 6 is out of the simulation cell.  Putting it inside.
**Warning** atom 7 is out of the simulation cell.  Putting it inside.
**Warning** atom 8 is out of the simulation cell.  Putting it inside.
**Warning** atom 9 is out of the simulation cell.  Putting it inside.
**Warning** atom 10 is out of the simulation cell.  Putting it inside.
**Warning** atom 13 is out of the simulation cell.  Putting it inside.
**Warning** atom 14 is out of the simulation cell.  Putting it inside.
**Warning** atom 15 is out of the simulation cell.  Putting it inside.
0: elsu 15.1178
0: alpha 0.330736
4: cell volume 22854.8
4: elsu 15.1178
4: alpha 0.330736
5: cell volume 22854.8
5: elsu 15.1178
5: alpha 0.330736
7: cell volume 22854.8
7: elsu 15.1178
7: alpha 0.330736
11: cell volume 22854.8
11: elsu 15.1178
11: alpha 0.330736
12: cell volume 22854.8
12: elsu 15.1178
12: alpha 0.330736
13: cell volume 22854.8
13: elsu 15.1178
13: alpha 0.330736
3: real space ion-ion 0.729456
18: real space ion-ion 0.729456
3: reciprocal space ion 52.8103
8: real space ion-ion 0.729456
19: real space ion-ion 0.729456
18: reciprocal space ion 52.8103
17: real space ion-ion 0.729456
8: reciprocal space ion 52.8103
19: reciprocal space ion 52.8103
6: real space ion-ion 0.729456
1: real space ion-ion 0.729456
17: reciprocal space ion 52.8103
15: real space ion-ion 0.729456
15: reciprocal space ion 52.8103
6: reciprocal space ion 52.8103
1: reciprocal space ion 52.8103
11: real space ion-ion 0.729456
12: real space ion-ion 0.729456
12: reciprocal space ion 52.8103
4: real space ion-ion 0.729456
2: real space ion-ion 0.729456
9: real space ion-ion 0.729456
11: reciprocal space ion 52.8103
4: reciprocal space ion 52.8103
Ewald sum using 2822 reciprocal points
0: real space ion-ion 0.729456
2: reciprocal space ion 52.8103
16: real space ion-ion 0.729456
13: real space ion-ion 0.729456
7: real space ion-ion 0.729456
9: reciprocal space ion 52.8103
13: reciprocal space ion 52.8103
7: reciprocal space ion 52.8103
16: reciprocal space ion 52.8103
0: reciprocal space ion 52.8103
10: real space ion-ion 0.729456
10: reciprocal space ion 52.8103
14: real space ion-ion 0.729456
Could not open qwalk_200.linear.config. Generating configurations from scratch
14: reciprocal space ion 52.8103
5: real space ion-ion 0.729456
5: reciprocal space ion 52.8103
4: Timestep is 2.358
12: Timestep is 2.358
6: Timestep is 2.358
14: Timestep is 2.358
7: Timestep is 2.358
3: Timestep is 2.358
16: Timestep is 2.358
9: Timestep is 2.358
1: Timestep is 2.358
13: Timestep is 2.358
0: Timestep is 2.358
10: Timestep is 2.358
8: Timestep is 2.358
17: Timestep is 2.358
19: Timestep is 2.358
18: Timestep is 2.358
5: Timestep is 2.358
2: Timestep is 2.358
15: Timestep is 2.358
11: Timestep is 2.358
1: Write took 0 seconds
1: Write took 0 seconds
1: Write took 0 seconds
1: Write took 0 seconds
1: Write took 0 seconds
1: Write took 0 seconds
1: Write took 0 seconds
1: Write took 0 seconds
1: Write took 0 seconds
1: Write took 0 seconds
1: Write took 0 seconds
1: Write took 0 seconds
1: Write took 0 seconds
1: Write took 0 seconds
1: Write took 0 seconds
1: Write took 0 seconds
1: Write took 0 seconds
1: Write took 0 seconds
1: Write took 0 seconds
1: Write took 0 seconds
S matrix
1 0 0 0 0 0 0 
0 1.27 0.895 0.472 0.703 0.302 0.0982 
0 0.895 0.851 0.587 0.46 0.215 0.0796 
0 0.472 0.587 0.505 0.224 0.115 0.0482 
0 0.703 0.46 0.224 1.33 0.603 0.195 
0 0.302 0.215 0.115 0.603 0.346 0.136 
0 0.0982 0.0796 0.0482 0.195 0.136 0.0652 
H matrix
-7.63 -0.03 -0.0419 -0.00293 0.582 0.372 0.154 
-0.0189 -8.73 -6.09 -3.16 -4.8 -2.02 -0.655 
-0.0411 -6.09 -5.54 -3.57 -3.14 -1.41 -0.506 
-0.0267 -3.17 -3.58 -2.55 -1.52 -0.726 -0.286 
0.624 -4.8 -3.13 -1.53 -8.7 -3.85 -1.22 
0.421 -2.02 -1.41 -0.737 -3.84 -2.03 -0.709 
0.2 -0.636 -0.491 -0.28 -1.2 -0.691 -0.215 
S matrix
1 0 0 0 0 0 0 
0 1.27 0.895 0.472 0.703 0.302 0.0982 
0 0.895 0.851 0.587 0.46 0.215 0.0796 
0 0.472 0.587 0.505 0.224 0.115 0.0482 
0 0.703 0.46 0.224 1.33 0.603 0.195 
0 0.302 0.215 0.115 0.603 0.346 0.136 
0 0.0982 0.0796 0.0482 0.195 0.136 0.0652 
H matrix
-7.63 -0.03 -0.0419 -0.00293 0.582 0.372 0.154 
-0.0189 -8.73 -6.09 -3.16 -4.8 -2.02 -0.655 
-0.0411 -6.09 -5.54 -3.57 -3.14 -1.41 -0.506 
-0.0267 -3.17 -3.58 -2.55 -1.52 -0.726 -0.286 
0.624 -4.8 -3.13 -1.53 -8.7 -3.85 -1.22 
0.421 -2.02 -1.41 -0.737 -3.84 -2.03 -0.709 
0.2 -0.636 -0.491 -0.28 -1.2 -0.691 -0.215 
S matrix
1 0 0 0 0 0 0 
0 1.27 0.895 0.472 0.703 0.302 0.0982 
0 0.895 0.851 0.587 0.46 0.215 0.0796 
0 0.472 0.587 0.505 0.224 0.115 0.0482 
0 0.703 0.46 0.224 1.33 0.603 0.195 
0 0.302 0.215 0.115 0.603 0.346 0.136 
0 0.0982 0.0796 0.0482 0.195 0.136 0.0652 
H matrix
-7.63 -0.03 -0.0419 -0.00293 0.582 0.372 0.154 
-0.0189 -8.73 -6.09 -3.16 -4.8 -2.02 -0.655 
-0.0411 -6.09 -5.54 -3.57 -3.14 -1.41 -0.506 
-0.0267 -3.17 -3.58 -2.55 -1.52 -0.726 -0.286 
0.624 -4.8 -3.13 -1.53 -8.7 -3.85 -1.22 
0.421 -2.02 -1.41 -0.737 -3.84 -2.03 -0.709 
0.2 -0.636 -0.491 -0.28 -1.2 -0.691 -0.215 
S matrix
1 0 0 0 0 0 0 
0 1.27 0.895 0.472 0.703 0.302 0.0982 
0 0.895 0.851 0.587 0.46 0.215 0.0796 
0 0.472 0.587 0.505 0.224 0.115 0.0482 
0 0.703 0.46 0.224 1.33 0.603 0.195 
0 0.302 0.215 0.115 0.603 0.346 0.136 
0 0.0982 0.0796 0.0482 0.195 0.136 0.0652 
H matrix
-7.63 -0.03 -0.0419 -0.00293 0.582 0.372 0.154 
-0.0189 -8.73 -6.09 -3.16 -4.8 -2.02 -0.655 
-0.0411 -6.09 -5.54 -3.57 -3.14 -1.41 -0.506 
-0.0267 -3.17 -3.58 -2.55 -1.52 -0.726 -0.286 
0.624 -4.8 -3.13 -1.53 -8.7 -3.85 -1.22 
0.421 -2.02 -1.41 -0.737 -3.84 -2.03 -0.709 
0.2 -0.636 -0.491 -0.28 -1.2 -0.691 -0.215 
S matrix
1 0 0 0 0 0 0 
0 1.27 0.895 0.472 0.703 0.302 0.0982 
0 0.895 0.851 0.587 0.46 0.215 0.0796 
0 0.472 0.587 0.505 0.224 0.115 0.0482 
0 0.703 0.46 0.224 1.33 0.603 0.195 
0 0.302 0.215 0.115 0.603 0.346 0.136 
0 0.0982 0.0796 0.0482 0.195 0.136 0.0652 
H matrix
-7.63 -0.03 -0.0419 -0.00293 0.582 0.372 0.154 
-0.0189 -8.73 -6.09 -3.16 -4.8 -2.02 -0.655 
-0.0411 -6.09 -5.54 -3.57 -3.14 -1.41 -0.506 
-0.0267 -3.17 -3.58 -2.55 -1.52 -0.726 -0.286 
0.624 -4.8 -3.13 -1.53 -8.7 -3.85 -1.22 
0.421 -2.02 -1.41 -0.737 -3.84 -2.03 -0.709 
0.2 -0.636 -0.491 -0.28 -1.2 -0.691 -0.215 
S matrix
1 0 0 0 0 0 0 
0 1.27 0.895 0.472 0.703 0.302 0.0982 
0 0.895 0.851 0.587 0.46 0.215 0.0796 
0 0.472 0.587 0.505 0.224 0.115 0.0482 
0 0.703 0.46 0.224 1.33 0.603 0.195 
0 0.302 0.215 0.115 0.603 0.346 0.136 
0 0.0982 0.0796 0.0482 0.195 0.136 0.0652 
H matrix
-7.63 -0.03 -0.0419 -0.00293 0.582 0.372 0.154 
-0.0189 -8.73 -6.09 -3.16 -4.8 -2.02 -0.655 
-0.0411 -6.09 -5.54 -3.57 -3.14 -1.41 -0.506 
-0.0267 -3.17 -3.58 -2.55 -1.52 -0.726 -0.286 
0.624 -4.8 -3.13 -1.53 -8.7 -3.85 -1.22 
0.421 -2.02 -1.41 -0.737 -3.84 -2.03 -0.709 
0.2 -0.636 -0.491 -0.28 -1.2 -0.691 -0.215 
S matrix
1 0 0 0 0 0 0 
0 1.27 0.895 0.472 0.703 0.302 0.0982 
0 0.895 0.851 0.587 0.46 0.215 0.0796 
0 0.472 0.587 0.505 0.224 0.115 0.0482 
0 0.703 0.46 0.224 1.33 0.603 0.195 
0 0.302 0.215 0.115 0.603 0.346 0.136 
0 0.0982 0.0796 0.0482 0.195 0.136 0.0652 
H matrix
-7.63 -0.03 -0.0419 -0.00293 0.582 0.372 0.154 
-0.0189 -8.73 -6.09 -3.16 -4.8 -2.02 -0.655 
-0.0411 -6.09 -5.54 -3.57 -3.14 -1.41 -0.506 
-0.0267 -3.17 -3.58 -2.55 -1.52 -0.726 -0.286 
0.624 -4.8 -3.13 -1.53 -8.7 -3.85 -1.22 
0.421 -2.02 -1.41 -0.737 -3.84 -2.03 -0.709 
0.2 -0.636 -0.491 -0.28 -1.2 -0.691 -0.215 
S matrix
1 0 0 0 0 0 0 
0 1.27 0.895 0.472 0.703 0.302 0.0982 
0 0.895 0.851 0.587 0.46 0.215 0.0796 
0 0.472 0.587 0.505 0.224 0.115 0.0482 
0 0.703 0.46 0.224 1.33 0.603 0.195 
0 0.302 0.215 0.115 0.603 0.346 0.136 
0 0.0982 0.0796 0.0482 0.195 0.136 0.0652 
H matrix
-7.63 -0.03 -0.0419 -0.00293 0.582 0.372 0.154 
-0.0189 -8.73 -6.09 -3.16 -4.8 -2.02 -0.655 
-0.0411 -6.09 -5.54 -3.57 -3.14 -1.41 -0.506 
-0.0267 -3.17 -3.58 -2.55 -1.52 -0.726 -0.286 
0.624 -4.8 -3.13 -1.53 -8.7 -3.85 -1.22 
0.421 -2.02 -1.41 -0.737 -3.84 -2.03 -0.709 
0.2 -0.636 -0.491 -0.28 -1.2 -0.691 -0.215 
S matrix
1 0 0 0 0 0 0 
0 1.27 0.895 0.472 0.703 0.302 0.0982 
0 0.895 0.851 0.587 0.46 0.215 0.0796 
0 0.472 0.587 0.505 0.224 0.115 0.0482 
0 0.703 0.46 0.224 1.33 0.603 0.195 
0 0.302 0.215 0.115 0.603 0.346 0.136 
0 0.0982 0.0796 0.0482 0.195 0.136 0.0652 
H matrix
-7.63 -0.03 -0.0419 -0.00293 0.582 0.372 0.154 
-0.0189 -8.73 -6.09 -3.16 -4.8 -2.02 -0.655 
-0.0411 -6.09 -5.54 -3.57 -3.14 -1.41 -0.506 
-0.0267 -3.17 -3.58 -2.55 -1.52 -0.726 -0.286 
0.624 -4.8 -3.13 -1.53 -8.7 -3.85 -1.22 
0.421 -2.02 -1.41 -0.737 -3.84 -2.03 -0.709 
0.2 -0.636 -0.491 -0.28 -1.2 -0.691 -0.215 
S matrix
1 0 0 0 0 0 0 
0 1.27 0.895 0.472 0.703 0.302 0.0982 
0 0.895 0.851 0.587 0.46 0.215 0.0796 
0 0.472 0.587 0.505 0.224 0.115 0.0482 
0 0.703 0.46 0.224 1.33 0.603 0.195 
0 0.302 0.215 0.115 0.603 0.346 0.136 
0 0.0982 0.0796 0.0482 0.195 0.136 0.0652 
H matrix
-7.63 -0.03 -0.0419 -0.00293 0.582 0.372 0.154 
-0.0189 -8.73 -6.09 -3.16 -4.8 -2.02 -0.655 
-0.0411 -6.09 -5.54 -3.57 -3.14 -1.41 -0.506 
-0.0267 -3.17 -3.58 -2.55 -1.52 -0.726 -0.286 
0.624 -4.8 -3.13 -1.53 -8.7 -3.85 -1.22 
0.421 -2.02 -1.41 -0.737 -3.84 -2.03 -0.709 
0.2 -0.636 -0.491 -0.28 -1.2 -0.691 -0.215 
S matrix
1 0 0 0 0 0 0 
0 1.27 0.895 0.472 0.703 0.302 0.0982 
0 0.895 0.851 0.587 0.46 0.215 0.0796 
0 0.472 0.587 0.505 0.224 0.115 0.0482 
0 0.703 0.46 0.224 1.33 0.603 0.195 
0 0.302 0.215 0.115 0.603 0.346 0.136 
0 0.0982 0.0796 0.0482 0.195 0.136 0.0652 
H matrix
-7.63 -0.03 -0.0419 -0.00293 0.582 0.372 0.154 
-0.0189 -8.73 -6.09 -3.16 -4.8 -2.02 -0.655 
-0.0411 -6.09 -5.54 -3.57 -3.14 -1.41 -0.506 
-0.0267 -3.17 -3.58 -2.55 -1.52 -0.726 -0.286 
0.624 -4.8 -3.13 -1.53 -8.7 -3.85 -1.22 
0.421 -2.02 -1.41 -0.737 -3.84 -2.03 -0.709 
0.2 -0.636 -0.491 -0.28 -1.2 -0.691 -0.215 
S matrix
1 0 0 0 0 0 0 
0 1.27 0.895 0.472 0.703 0.302 0.0982 
0 0.895 0.851 0.587 0.46 0.215 0.0796 
0 0.472 0.587 0.505 0.224 0.115 0.0482 
0 0.703 0.46 0.224 1.33 0.603 0.195 
0 0.302 0.215 0.115 0.603 0.346 0.136 
0 0.0982 0.0796 0.0482 0.195 0.136 0.0652 
H matrix
-7.63 -0.03 -0.0419 -0.00293 0.582 0.372 0.154 
-0.0189 -8.73 -6.09 -3.16 -4.8 -2.02 -0.655 
-0.0411 -6.09 -5.54 -3.57 -3.14 -1.41 -0.506 
-0.0267 -3.17 -3.58 -2.55 -1.52 -0.726 -0.286 
0.624 -4.8 -3.13 -1.53 -8.7 -3.85 -1.22 
0.421 -2.02 -1.41 -0.737 -3.84 -2.03 -0.709 
0.2 -0.636 -0.491 -0.28 -1.2 -0.691 -0.215 
S matrix
1 0 0 0 0 0 0 
0 1.27 0.895 0.472 0.703 0.302 0.0982 
0 0.895 0.851 0.587 0.46 0.215 0.0796 
0 0.472 0.587 0.505 0.224 0.115 0.0482 
0 0.703 0.46 0.224 1.33 0.603 0.195 
0 0.302 0.215 0.115 0.603 0.346 0.136 
0 0.0982 0.0796 0.0482 0.195 0.136 0.0652 
H matrix
-7.63 -0.03 -0.0419 -0.00293 0.582 0.372 0.154 
-0.0189 -8.73 -6.09 -3.16 -4.8 -2.02 -0.655 
-0.0411 -6.09 -5.54 -3.57 -3.14 -1.41 -0.506 
-0.0267 -3.17 -3.58 -2.55 -1.52 -0.726 -0.286 
0.624 -4.8 -3.13 -1.53 -8.7 -3.85 -1.22 
0.421 -2.02 -1.41 -0.737 -3.84 -2.03 -0.709 
0.2 -0.636 -0.491 -0.28 -1.2 -0.691 -0.215 
S matrix
1 0 0 0 0 0 0 
0 1.27 0.895 0.472 0.703 0.302 0.0982 
0 0.895 0.851 0.587 0.46 0.215 0.0796 
0 0.472 0.587 0.505 0.224 0.115 0.0482 
0 0.703 0.46 0.224 1.33 0.603 0.195 
0 0.302 0.215 0.115 0.603 0.346 0.136 
0 0.0982 0.0796 0.0482 0.195 0.136 0.0652 
H matrix
-7.63 -0.03 -0.0419 -0.00293 0.582 0.372 0.154 
-0.0189 -8.73 -6.09 -3.16 -4.8 -2.02 -0.655 
-0.0411 -6.09 -5.54 -3.57 -3.14 -1.41 -0.506 
-0.0267 -3.17 -3.58 -2.55 -1.52 -0.726 -0.286 
0.624 -4.8 -3.13 -1.53 -8.7 -3.85 -1.22 
0.421 -2.02 -1.41 -0.737 -3.84 -2.03 -0.709 
0.2 -0.636 -0.491 -0.28 -1.2 -0.691 -0.215 
S matrix
1 0 0 0 0 0 0 
0 1.27 0.895 0.472 0.703 0.302 0.0982 
0 0.895 0.851 0.587 0.46 0.215 0.0796 
0 0.472 0.587 0.505 0.224 0.115 0.0482 
0 0.703 0.46 0.224 1.33 0.603 0.195 
0 0.302 0.215 0.115 0.603 0.346 0.136 
0 0.0982 0.0796 0.0482 0.195 0.136 0.0652 
H matrix
-7.63 -0.03 -0.0419 -0.00293 0.582 0.372 0.154 
-0.0189 -8.73 -6.09 -3.16 -4.8 -2.02 -0.655 
-0.0411 -6.09 -5.54 -3.57 -3.14 -1.41 -0.506 
-0.0267 -3.17 -3.58 -2.55 -1.52 -0.726 -0.286 
0.624 -4.8 -3.13 -1.53 -8.7 -3.85 -1.22 
0.421 -2.02 -1.41 -0.737 -3.84 -2.03 -0.709 
0.2 -0.636 -0.491 -0.28 -1.2 -0.691 -0.215 
S matrix
1 0 0 0 0 0 0 
0 1.27 0.895 0.472 0.703 0.302 0.0982 
0 0.895 0.851 0.587 0.46 0.215 0.0796 
0 0.472 0.587 0.505 0.224 0.115 0.0482 
0 0.703 0.46 0.224 1.33 0.603 0.195 
0 0.302 0.215 0.115 0.603 0.346 0.136 
0 0.0982 0.0796 0.0482 0.195 0.136 0.0652 
H matrix
-7.63 -0.03 -0.0419 -0.00293 0.582 0.372 0.154 
-0.0189 -8.73 -6.09 -3.16 -4.8 -2.02 -0.655 
-0.0411 -6.09 -5.54 -3.57 -3.14 -1.41 -0.506 
-0.0267 -3.17 -3.58 -2.55 -1.52 -0.726 -0.286 
0.624 -4.8 -3.13 -1.53 -8.7 -3.85 -1.22 
0.421 -2.02 -1.41 -0.737 -3.84 -2.03 -0.709 
0.2 -0.636 -0.491 -0.28 -1.2 -0.691 -0.215 
S matrix
1 0 0 0 0 0 0 
0 1.27 0.895 0.472 0.703 0.302 0.0982 
0 0.895 0.851 0.587 0.46 0.215 0.0796 
0 0.472 0.587 0.505 0.224 0.115 0.0482 
0 0.703 0.46 0.224 1.33 0.603 0.195 
0 0.302 0.215 0.115 0.603 0.346 0.136 
0 0.0982 0.0796 0.0482 0.195 0.136 0.0652 
H matrix
-7.63 -0.03 -0.0419 -0.00293 0.582 0.372 0.154 
-0.0189 -8.73 -6.09 -3.16 -4.8 -2.02 -0.655 
-0.0411 -6.09 -5.54 -3.57 -3.14 -1.41 -0.506 
-0.0267 -3.17 -3.58 -2.55 -1.52 -0.726 -0.286 
0.624 -4.8 -3.13 -1.53 -8.7 -3.85 -1.22 
0.421 -2.02 -1.41 -0.737 -3.84 -2.03 -0.709 
0.2 -0.636 -0.491 -0.28 -1.2 -0.691 -0.215 
S matrix
1 0 0 0 0 0 0 
0 1.27 0.895 0.472 0.703 0.302 0.0982 
0 0.895 0.851 0.587 0.46 0.215 0.0796 
0 0.472 0.587 0.505 0.224 0.115 0.0482 
0 0.703 0.46 0.224 1.33 0.603 0.195 
0 0.302 0.215 0.115 0.603 0.346 0.136 
0 0.0982 0.0796 0.0482 0.195 0.136 0.0652 
H matrix
-7.63 -0.03 -0.0419 -0.00293 0.582 0.372 0.154 
-0.0189 -8.73 -6.09 -3.16 -4.8 -2.02 -0.655 
-0.0411 -6.09 -5.54 -3.57 -3.14 -1.41 -0.506 
-0.0267 -3.17 -3.58 -2.55 -1.52 -0.726 -0.286 
0.624 -4.8 -3.13 -1.53 -8.7 -3.85 -1.22 
0.421 -2.02 -1.41 -0.737 -3.84 -2.03 -0.709 
0.2 -0.636 -0.491 -0.28 -1.2 -0.691 -0.215 
S matrix
1 0 0 0 0 0 0 
0 1.27 0.895 0.472 0.703 0.302 0.0982 
0 0.895 0.851 0.587 0.46 0.215 0.0796 
0 0.472 0.587 0.505 0.224 0.115 0.0482 
0 0.703 0.46 0.224 1.33 0.603 0.195 
0 0.302 0.215 0.115 0.603 0.346 0.136 
0 0.0982 0.0796 0.0482 0.195 0.136 0.0652 
H matrix
-7.63 -0.03 -0.0419 -0.00293 0.582 0.372 0.154 
-0.0189 -8.73 -6.09 -3.16 -4.8 -2.02 -0.655 
-0.0411 -6.09 -5.54 -3.57 -3.14 -1.41 -0.506 
-0.0267 -3.17 -3.58 -2.55 -1.52 -0.726 -0.286 
0.624 -4.8 -3.13 -1.53 -8.7 -3.85 -1.22 
0.421 -2.02 -1.41 -0.737 -3.84 -2.03 -0.709 
0.2 -0.636 -0.491 -0.28 -1.2 -0.691 -0.215 
proportions significant
S0 1
S 0.1666666667
H0 1
enderiv 0.5
H 0.1666666667
energy derivative -0.01113511482 +/- 0.007488420178
energy derivative -0.0007941442506 +/- 0.01576988033
energy derivative 0.02376271958 +/- 0.0356737424
energy derivative -0.04142027509 +/- 0.006784001562
energy derivative -0.04865905886 +/- 0.00825864905
energy derivative -0.04675901088 +/- 0.01457794829
S matrix
1 0 0 0 0 0 0 
0 1.27 0.895 0.472 0.703 0.302 0.0982 
0 0.895 0.851 0.587 0.46 0.215 0.0796 
0 0.472 0.587 0.505 0.224 0.115 0.0482 
0 0.703 0.46 0.224 1.33 0.603 0.195 
0 0.302 0.215 0.115 0.603 0.346 0.136 
0 0.0982 0.0796 0.0482 0.195 0.136 0.0652 
H matrix
-7.63 -0.03 -0.0419 -0.00293 0.582 0.372 0.154 
-0.0189 -8.73 -6.09 -3.16 -4.8 -2.02 -0.655 
-0.0411 -6.09 -5.54 -3.57 -3.14 -1.41 -0.506 
-0.0267 -3.17 -3.58 -2.55 -1.52 -0.726 -0.286 
0.624 -4.8 -3.13 -1.53 -8.7 -3.85 -1.22 
0.421 -2.02 -1.41 -0.737 -3.84 -2.03 -0.709 
0.2 -0.636 -0.491 -0.28 -1.2 -0.691 -0.215 
i 1 0.894324439 prop_psi0 0.9593294038
i 2 1.341486658 prop_psi0 0.9702605288
i 3 2.086757024 prop_psi0 0.9805724167
i 4 3.577297756 prop_psi0 0.9897860199
i 5 38.15784273 prop_psi0 0.9998101229
alphas
0 0 0 0 0 0 
0.0819 0.0525 0.00405 -0.204 -0.153 -0.0713 
0.0598 0.0418 0.00784 -0.179 -0.13 -0.0615 
0.0392 0.0304 0.00902 -0.148 -0.106 -0.05 
0.021 0.0186 0.00755 -0.11 -0.0768 -0.0365 
0.000768 0.00125 0.000765 -0.0155 -0.0105 -0.005 
i 1 0.894324439 prop_psi0 0.9593294038
i 2 1.341486658 prop_psi0 0.9702605288
i 3 2.086757024 prop_psi0 0.9805724167
i 1 0.894324439 prop_psi0 0.9593294038
i 2 1.341486658 prop_psi0 0.9702605288
i 3 2.086757024 prop_psi0 0.9805724167
i 4 3.577297756 prop_psi0 0.9897860199
i 5 38.15784273 prop_psi0 0.9998101229
alphas
0 0 0 0 0 0 
0.0819 0.0525 0.00405 -0.204 -0.153 -0.0713 
0.0598 0.0418 0.00784 -0.179 -0.13 -0.0615 
0.0392 0.0304 0.00902 -0.148 -0.106 -0.05 
0.021 0.0186 0.00755 -0.11 -0.0768 -0.0365 
0.000768 0.00125 0.000765 -0.0155 -0.0105 -0.005 
i 1 0.894324439 prop_psi0 0.9593294038
i 2 1.341486658 prop_psi0 0.9702605288
i 3 2.086757024 prop_psi0 0.9805724167
i 4 3.577297756 prop_psi0 0.9897860199
i 5 38.15784273 prop_psi0 0.9998101229
alphas
0 0 0 0 0 0 
0.0819 0.0525 0.00405 -0.204 -0.153 -0.0713 
0.0598 0.0418 0.00784 -0.179 -0.13 -0.0615 
0.0392 0.0304 0.00902 -0.148 -0.106 -0.05 
0.021 0.0186 0.00755 -0.11 -0.0768 -0.0365 
0.000768 0.00125 0.000765 -0.0155 -0.0105 -0.005 
i 1 0.894324439 prop_psi0 0.9593294038
i 2 1.341486658 prop_psi0 0.9702605288
i 3 2.086757024 prop_psi0 0.9805724167
i 4 3.577297756 prop_psi0 0.9897860199
i 5 38.15784273 prop_psi0 0.9998101229
alphas
0 0 0 0 0 0 
0.0819 0.0525 0.00405 -0.204 -0.153 -0.0713 
0.0598 0.0418 0.00784 -0.179 -0.13 -0.0615 
0.0392 0.0304 0.00902 -0.148 -0.106 -0.05 
i 1 0.894324439 prop_psi0 0.9593294038
i 2 1.341486658 prop_psi0 0.9702605288
i 3 2.086757024 prop_psi0 0.9805724167
i 4 3.577297756 prop_psi0 0.9897860199
i 5 38.15784273 prop_psi0 0.9998101229
alphas
0 0 0 0 0 0 
0.0819 0.0525 0.00405 -0.204 -0.153 -0.0713 
0.0598 0.0418 0.00784 -0.179 -0.13 -0.0615 
0.0392 0.0304 0.00902 -0.148 -0.106 -0.05 
0.021 0.0186 0.00755 -0.11 -0.0768 -0.0365 
0.000768 0.00125 0.000765 -0.0155 -0.0105 -0.005 
i 1 0.894324439 prop_psi0 0.9593294038
i 2 1.341486658 prop_psi0 0.9702605288
0.021 0.0186 0.00755 -0.11 -0.0768 -0.0365 
0.000768 0.00125 0.000765 -0.0155 -0.0105 -0.005 
i 1 0.894324439 prop_psi0 0.9593294038
i 2 1.341486658 prop_psi0 0.9702605288
i 3 2.086757024 prop_psi0 0.9805724167
i 4 3.577297756 prop_psi0 0.9897860199
i 5 38.15784273 prop_psi0 0.9998101229
alphas
0 0 0 0 0 0 
0.0819 0.0525 0.00405 -0.204 -0.153 -0.0713 
0.0598 0.0418 0.00784 -0.179 -0.13 -0.0615 
0.0392 0.0304 0.00902 -0.148 -0.106 -0.05 
i 3 2.086757024 prop_psi0 0.9805724167
i 4 3.577297756 prop_psi0 0.9897860199
0.021 0.0186 0.00755 -0.11 -0.0768 -0.0365 
0.000768 0.00125 0.000765 -0.0155 -0.0105 -0.005 
i 4 3.577297756 prop_psi0 0.9897860199
i 1 0.894324439 prop_psi0 0.9593294038
i 2 1.341486658 prop_psi0 0.9702605288
i 3 2.086757024 prop_psi0 0.9805724167
i 5 38.15784273 prop_psi0 0.9998101229
alphas
0 0 0 0 0 0 
0.0819 0.0525 0.00405 -0.204 -0.153 -0.0713 
0.0598 0.0418 0.00784 -0.179 -0.13 -0.0615 
0.0392 0.0304 0.00902 -0.148 -0.106 -0.05 
0.021 0.0186 0.00755 -0.11 -0.0768 -0.0365 
0.000768 0.00125 0.000765 -0.0155 -0.0105 -0.005 
i 1 0.894324439 prop_psi0 0.9593294038
i 5 38.15784273 prop_psi0 0.9998101229
alphas
0 0 0 0 0 0 
0.0819 0.0525 0.00405 -0.204 -0.153 -0.0713 
0.0598 0.0418 0.00784 -0.179 -0.13 -0.0615 
0.0392 0.0304 0.00902 -0.148 -0.106 -0.05 
0.021 0.0186 0.00755 -0.11 -0.0768 -0.0365 
0.000768 0.00125 0.000765 -0.0155 -0.0105 -0.005 
i 1 0.894324439 prop_psi0 0.9593294038
i 2 1.341486658 prop_psi0 0.9702605288
i 4 3.577297756 prop_psi0 0.9897860199
i 5 38.15784273 prop_psi0 0.9998101229
alphas
i 2 1.341486658 prop_psi0 0.9702605288
i 3 2.086757024 prop_psi0 0.9805724167
i 1 0.894324439 prop_psi0 0.9593294038
i 1 0.894324439 prop_psi0 0.9593294038
i 2 1.341486658 prop_psi0 0.9702605288
i 3 2.086757024 prop_psi0 0.9805724167
i 4 3.577297756 prop_psi0 0.9897860199
0 0 0 0 0 0 
0.0819 0.0525 0.00405 -0.204 -0.153 -0.0713 
0.0598 0.0418 0.00784 -0.179 -0.13 -0.0615 
0.0392 0.0304 0.00902 -0.148 -0.106 -0.05 
0.021 0.0186 0.00755 -0.11 -0.0768 -0.0365 
0.000768 0.00125 0.000765 -0.0155 -0.0105 -0.005 
i 3 2.086757024 prop_psi0 0.9805724167
i 4 3.577297756 prop_psi0 0.9897860199
i 5 38.15784273 prop_psi0 0.9998101229
alphas
0 0 0 0 0 0 
0.0819 0.0525 0.00405 -0.204 -0.153 -0.0713 
0.0598 0.0418 0.00784 -0.179 -0.13 -0.0615 
i 1 0.894324439 prop_psi0 0.9593294038
i 2 1.341486658 prop_psi0 0.9702605288
i 2 1.341486658 prop_psi0 0.9702605288
i 3 2.086757024 prop_psi0 0.9805724167
i 5 38.15784273 prop_psi0 0.9998101229
alphas
0 0 0 0 0 0 
0.0819 0.0525 0.00405 -0.204 -0.153 -0.0713 
0.0598 0.0418 0.00784 -0.179 -0.13 -0.0615 
0.0392 0.0304 0.00902 -0.148 -0.106 -0.05 
0.021 0.0186 0.00755 -0.11 -0.0768 -0.0365 
0.000768 0.00125 0.000765 -0.0155 -0.0105 -0.005 
i 1 0.894324439 prop_psi0 0.9593294038
i 4 3.577297756 prop_psi0 0.9897860199
i 4 3.577297756 prop_psi0 0.9897860199
i 5 38.15784273 prop_psi0 0.9998101229
alphas
0 0 0 0 0 0 
0.0819 0.0525 0.00405 -0.204 -0.153 -0.0713 
0.0598 0.0418 0.00784 -0.179 -0.13 -0.0615 
0.0392 0.0304 0.00902 -0.148 -0.106 -0.05 
0.021 0.0186 0.00755 -0.11 -0.0768 -0.0365 
0.000768 0.00125 0.000765 -0.0155 -0.0105 -0.005 
0.0392 0.0304 0.00902 -0.148 -0.106 -0.05 
0.021 0.0186 0.00755 -0.11 -0.0768 -0.0365 
0.000768 0.00125 0.000765 -0.0155 -0.0105 -0.005 
i 1 0.894324439 prop_psi0 0.9593294038
i 2 1.341486658 prop_psi0 0.9702605288
i 1 0.894324439 prop_psi0 0.9593294038
i 2 1.341486658 prop_psi0 0.9702605288
i 1 0.894324439 prop_psi0 0.9593294038
i 2 1.341486658 prop_psi0 0.9702605288
i 2 1.341486658 prop_psi0 0.9702605288
i 3 2.086757024 prop_psi0 0.9805724167
i 1 0.894324439 prop_psi0 0.9593294038
i 2 1.341486658 prop_psi0 0.9702605288
i 5 38.15784273 prop_psi0 0.9998101229
alphas
0 0 0 0 0 0 
0.0819 0.0525 0.00405 -0.204 -0.153 -0.0713 
0.0598 0.0418 0.00784 -0.179 -0.13 -0.0615 
0.0392 0.0304 0.00902 -0.148 -0.106 -0.05 
0.021 0.0186 0.00755 -0.11 -0.0768 -0.0365 
0.000768 0.00125 0.000765 -0.0155 -0.0105 -0.005 
i 3 2.086757024 prop_psi0 0.9805724167
i 4 3.577297756 prop_psi0 0.9897860199
i 5 38.15784273 prop_psi0 0.9998101229
alphas
0 0 0 0 0 0 
0.0819 0.0525 0.00405 -0.204 -0.153 -0.0713 
0.0598 0.0418 0.00784 -0.179 -0.13 -0.0615 
0.0392 0.0304 0.00902 -0.148 -0.106 -0.05 
0.021 0.0186 0.00755 -0.11 -0.0768 -0.0365 
0.000768 0.00125 0.000765 -0.0155 -0.0105 -0.005 
i 3 2.086757024 prop_psi0 0.9805724167
i 4 3.577297756 prop_psi0 0.9897860199
i 3 2.086757024 prop_psi0 0.9805724167
i 4 3.577297756 prop_psi0 0.9897860199
i 3 2.086757024 prop_psi0 0.9805724167
i 4 3.577297756 prop_psi0 0.9897860199
i 4 3.577297756 prop_psi0 0.9897860199
i 3 2.086757024 prop_psi0 0.9805724167
i 4 3.577297756 prop_psi0 0.9897860199
i 5 38.15784273 prop_psi0 0.9998101229
alphas
0 0 0 0 0 0 
0.0819 0.0525 0.00405 -0.204 -0.153 -0.0713 
0.0598 0.0418 0.00784 -0.179 -0.13 -0.0615 
0.0392 0.0304 0.00902 -0.148 -0.106 -0.05 
0.021 0.0186 0.00755 -0.11 -0.0768 -0.0365 
0.000768 0.00125 0.000765 -0.0155 -0.0105 -0.005 
i 5 38.15784273 prop_psi0 0.9998101229
alphas
0 0 0 0 0 0 
0.0819 0.0525 0.00405 -0.204 -0.153 -0.0713 
0.0598 0.0418 0.00784 -0.179 -0.13 -0.0615 
0.0392 0.0304 0.00902 -0.148 -0.106 -0.05 
0.021 0.0186 0.00755 -0.11 -0.0768 -0.0365 
0.000768 0.00125 0.000765 -0.0155 -0.0105 -0.005 
i 5 38.15784273 prop_psi0 0.9998101229
alphas
0 0 0 0 0 0 
0.0819 0.0525 0.00405 -0.204 -0.153 -0.0713 
0.0598 0.0418 0.00784 -0.179 -0.13 -0.0615 
0.0392 0.0304 0.00902 -0.148 -0.106 -0.05 
0.021 0.0186 0.00755 -0.11 -0.0768 -0.0365 
0.000768 0.00125 0.000765 -0.0155 -0.0105 -0.005 
i 5 38.15784273 prop_psi0 0.9998101229
alphas
0 0 0 0 0 0 
0.0819 0.0525 0.00405 -0.204 -0.153 -0.0713 
0.0598 0.0418 0.00784 -0.179 -0.13 -0.0615 
0.0392 0.0304 0.00902 -0.148 -0.106 -0.05 
0.021 0.0186 0.00755 -0.11 -0.0768 -0.0365 
0.000768 0.00125 0.000765 -0.0155 -0.0105 -0.005 
i 5 38.15784273 prop_psi0 0.9998101229
alphas
0 0 0 0 0 0 
0.0819 0.0525 0.00405 -0.204 -0.153 -0.0713 
0.0598 0.0418 0.00784 -0.179 -0.13 -0.0615 
0.0392 0.0304 0.00902 -0.148 -0.106 -0.05 
0.021 0.0186 0.00755 -0.11 -0.0768 -0.0365 
0.000768 0.00125 0.000765 -0.0155 -0.0105 -0.005 
i 1 0.894324439 prop_psi0 0.9593294038
i 2 1.341486658 prop_psi0 0.9702605288
i 3 2.086757024 prop_psi0 0.9805724167
i 4 3.577297756 prop_psi0 0.9897860199
i 5 38.15784273 prop_psi0 0.9998101229
alphas
0 0 0 0 0 0 
0.0819 0.0525 0.00405 -0.204 -0.153 -0.0713 
0.0598 0.0418 0.00784 -0.179 -0.13 -0.0615 
0.0392 0.0304 0.00902 -0.148 -0.106 -0.05 
0.021 0.0186 0.00755 -0.11 -0.0768 -0.0365 
0.000768 0.00125 0.000765 -0.0155 -0.0105 -0.005 
18: Timestep is 1.61
5: Timestep is 1.61
8: Timestep is 1.61
0: Timestep is 1.61
16: Timestep is 1.61
10: Timestep is 1.61
4: Timestep is 1.61
12: Timestep is 1.61
1: Timestep is 1.61
14: Timestep is 1.61
19: Timestep is 1.61
2: Timestep is 1.61
11: Timestep is 1.61
17: Timestep is 1.61
3: Timestep is 1.61
13: Timestep is 1.61
15: Timestep is 1.61
7: Timestep is 1.61
6: Timestep is 1.61
9: Timestep is 1.61
Energies
0+/-0
-0.296+/-0.0212
-0.268+/-0.0198
-0.23+/-0.0178
-0.18+/-0.0147
-0.0294+/-0.00276
Significant change in energy -0.296 +/- 0.0212
Significant change in energy -0.268 +/- 0.0198
Significant change in energy -0.23 +/- 0.0178
Significant change in energy -0.18 +/- 0.0147
Significant change in energy -0.0294 +/- 0.00276
Final alphas and E
-0.296+/-0.0212
0.0819 0.0525 0.00405 -0.204 -0.153 -0.0713 
Energies
0+/-0
-0.296+/-0.0212
-0.268+/-0.0198
-0.23+/-0.0178
-0.18+/-0.0147
-0.0294+/-0.00276
Final alphas and E
-0.296+/-0.0212
0.0819 0.0525 0.00405 -0.204 -0.153 -0.0713 
Energies
0+/-0
-0.296+/-0.0212
-0.268+/-0.0198
-0.23+/-0.0178
-0.18+/-0.0147
-0.0294+/-0.00276
Final alphas and E
-0.296+/-0.0212
0.0819 0.0525 0.00405 -0.204 -0.153 -0.0713 
Energies
0+/-0
-0.296+/-0.0212
-0.268+/-0.0198
-0.23+/-0.0178
-0.18+/-0.0147
-0.0294+/-0.00276
Final alphas and E
-0.296+/-0.0212
0.0819 0.0525 0.00405 -0.204 -0.153 -0.0713 
Energies
0+/-0
-0.296+/-0.0212
-0.268+/-0.0198
-0.23+/-0.0178
-0.18+/-0.0147
-0.0294+/-0.00276
Final alphas and E
-0.296+/-0.0212
0.0819 0.0525 0.00405 -0.204 -0.153 -0.0713 
Energies
0+/-0
-0.296+/-0.0212
-0.268+/-0.0198
-0.23+/-0.0178
-0.18+/-0.0147
-0.0294+/-0.00276
Final alphas and E
-0.296+/-0.0212
0.0819 0.0525 0.00405 -0.204 -0.153 -0.0713 
Energies
0+/-0
-0.296+/-0.0212
-0.268+/-0.0198
-0.23+/-0.0178
-0.18+/-0.0147
-0.0294+/-0.00276
Final alphas and E
-0.296+/-0.0212
0.0819 0.0525 0.00405 -0.204 -0.153 -0.0713 
Energies
0+/-0
-0.296+/-0.0212
-0.268+/-0.0198
-0.23+/-0.0178
-0.18+/-0.0147
-0.0294+/-0.00276
Final alphas and E
-0.296+/-0.0212
0.0819 0.0525 0.00405 -0.204 -0.153 -0.0713 
Energies
0+/-0
-0.296+/-0.0212
-0.268+/-0.0198
-0.23+/-0.0178
-0.18+/-0.0147
-0.0294+/-0.00276
Final alphas and E
-0.296+/-0.0212
0.0819 0.0525 0.00405 -0.204 -0.153 -0.0713 
Energies
0+/-0
-0.296+/-0.0212
-0.268+/-0.0198
-0.23+/-0.0178
-0.18+/-0.0147
-0.0294+/-0.00276
Final alphas and E
-0.296+/-0.0212
0.0819 0.0525 0.00405 -0.204 -0.153 -0.0713 
Energies
0+/-0
-0.296+/-0.0212
-0.268+/-0.0198
-0.23+/-0.0178
-0.18+/-0.0147
-0.0294+/-0.00276
Final alphas and E
-0.296+/-0.0212
0.0819 0.0525 0.00405 -0.204 -0.153 -0.0713 
Energies
0+/-0
-0.296+/-0.0212
-0.268+/-0.0198
-0.23+/-0.0178
Energies
0+/-0
-0.296+/-0.0212
-0.268+/-0.0198
-0.23+/-0.0178
-0.18+/-0.0147
-0.0294+/-0.00276
Final alphas and E
-0.296+/-0.0212
0.0819 0.0525 0.00405 -0.204 -0.153 -0.0713 
Energies
0+/-0
-0.296+/-0.0212
-0.268+/-0.0198
-0.23+/-0.0178
-0.18+/-0.0147
-0.0294+/-0.00276
Final alphas and E
-0.296+/-0.0212
0.0819 0.0525 0.00405 -0.204 -0.153 -0.0713 
Energies
0+/-0
-0.296+/-0.0212
-0.268+/-0.0198
-0.23+/-0.0178
-0.18+/-0.0147
-0.0294+/-0.00276
Final alphas and E
-0.296+/-0.0212
0.0819 0.0525 0.00405 -0.204 -0.153 -0.0713 
Energies
0+/-0
-0.296+/-0.0212
-0.268+/-0.0198
-0.23+/-0.0178
-0.18+/-0.0147
-0.0294+/-0.00276
Final alphas and E
-0.296+/-0.0212
0.0819 0.0525 0.00405 -0.204 -0.153 -0.0713 
Energies
0+/-0
-0.296+/-0.0212
-0.268+/-0.0198
-0.23+/-0.0178
-0.18+/-0.0147
-0.0294+/-0.00276
Final alphas and E
-0.296+/-0.0212
0.0819 0.0525 0.00405 -0.204 -0.153 -0.0713 
Energies
0+/-0
-0.296+/-0.0212
-0.268+/-0.0198
-0.23+/-0.0178
-0.18+/-0.0147
-0.0294+/-0.00276
Final alphas and E
-0.296+/-0.0212
0.0819 0.0525 0.00405 -0.204 -0.153 -0.0713 
Energies
0+/-0
-0.296+/-0.0212
-0.268+/-0.0198
-0.23+/-0.0178
-0.18+/-0.0147
-0.0294+/-0.00276
Final alphas and E
-0.296+/-0.0212
0.0819 0.0525 0.00405 -0.204 -0.153 -0.0713 
Energies
0+/-0
-0.296+/-0.0212
-0.268+/-0.0198
-0.23+/-0.0178
-0.18+/-0.0147
-0.0294+/-0.00276
Final alphas and E
-0.296+/-0.0212
0.0819 0.0525 0.00405 -0.204 -0.153 -0.0713 
-0.18+/-0.0147
-0.0294+/-0.00276
Final alphas and E
-0.296+/-0.0212
0.0819 0.0525 0.00405 -0.204 -0.153 -0.0713 
Read took 0 seconds
13: Timestep is 2.35
5: Timestep is 2.35
8: Timestep is 2.35
15: Timestep is 2.35
1: Timestep is 2.35
6: Timestep is 2.35
16: Timestep is 2.35
10: Timestep is 2.35
4: Timestep is 2.35
12: Timestep is 2.35
0: Timestep is 2.35
9: Timestep is 2.35
14: Timestep is 2.35
19: Timestep is 2.35
2: Timestep is 2.35
7: Timestep is 2.35
11: Timestep is 2.35
17: Timestep is 2.35
3: Timestep is 2.35
18: Timestep is 2.35
1: Write took 0 seconds
1: Write took 0 seconds
1: Write took 0 seconds
1: Write took 0 seconds
1: Write took 0 seconds
1: Write took 0 seconds
1: Write took 0 seconds
1: Write took 0 seconds
1: Write took 0 seconds
1: Write took 0 seconds
1: Write took 0 seconds
1: Write took 0 seconds
1: Write took 0 seconds
1: Write took 0 seconds
1: Write took 0 seconds
1: Write took 0 seconds
1: Write took 0 seconds
1: Write took 0 seconds
1: Write took 0 seconds
S matrix
1 0 0 0 0 0 0 
0 1.28 0.895 0.471 0.689 0.284 0.0886 
0 0.895 0.847 0.585 0.453 0.201 0.071 
0 0.471 0.585 0.506 0.225 0.109 0.0431 
0 0.689 0.453 0.225 1.04 0.472 0.151 
0 0.284 0.201 0.109 0.472 0.273 0.106 
0 0.0886 0.071 0.0431 0.151 0.106 0.0493 
H matrix
-7.91 -0.0747 -0.0269 0.0912 0.24 0.164 0.054 
-0.0604 -9.21 -6.36 -3.3 -4.93 -2 -0.619 
-0.0446 -6.36 -5.76 -3.73 -3.24 -1.4 -0.474 
-0.00412 -3.29 -3.73 -2.69 -1.6 -0.736 -0.274 
0.266 -4.92 -3.21 -1.56 -7.24 -3.21 -1.01 
0.185 -2 -1.39 -0.712 -3.21 -1.72 -0.615 
0.0842 -0.614 -0.471 -0.264 -1 -0.601 -0.207 
S matrix
1 0 0 0 0 0 0 
0 1.28 0.895 0.471 0.689 0.284 0.0886 
0 0.895 0.847 0.585 0.453 0.201 0.071 
0 0.471 0.585 0.506 0.225 0.109 0.0431 
0 0.689 0.453 0.225 1.04 0.472 0.151 
0 0.284 0.201 0.109 0.472 0.273 0.106 
0 0.0886 0.071 0.0431 0.151 0.106 0.0493 
H matrix
-7.91 -0.0747 -0.0269 0.0912 0.24 0.164 0.054 
-0.0604 -9.21 -6.36 -3.3 -4.93 -2 -0.619 
-0.0446 -6.36 -5.76 -3.73 -3.24 -1.4 -0.474 
-0.00412 -3.29 -3.73 -2.69 -1.6 -0.736 -0.274 
0.266 -4.92 -3.21 -1.56 -7.24 -3.21 -1.01 
0.185 -2 -1.39 -0.712 -3.21 -1.72 -0.615 
0.0842 -0.614 -0.471 -0.264 -1 -0.601 -0.207 
S matrix
1 0 0 0 0 0 0 
0 1.28 0.895 0.471 0.689 0.284 0.0886 
0 0.895 0.847 0.585 0.453 0.201 0.071 
0 0.471 0.585 0.506 0.225 0.109 0.0431 
0 0.689 0.453 0.225 1.04 0.472 0.151 
0 0.284 0.201 0.109 0.472 0.273 0.106 
0 0.0886 0.071 0.0431 0.151 0.106 0.0493 
H matrix
-7.91 -0.0747 -0.0269 0.0912 0.24 0.164 0.054 
-0.0604 -9.21 -6.36 -3.3 -4.93 -2 -0.619 
-0.0446 -6.36 -5.76 -3.73 -3.24 -1.4 -0.474 
-0.00412 -3.29 -3.73 -2.69 -1.6 -0.736 -0.274 
0.266 -4.92 -3.21 -1.56 -7.24 -3.21 -1.01 
0.185 -2 -1.39 -0.712 -3.21 -1.72 -0.615 
0.0842 -0.614 -0.471 -0.264 -1 -0.601 -0.207 
S matrix
1 0 0 0 0 0 0 
0 1.28 0.895 0.471 0.689 0.284 0.0886 
0 0.895 0.847 0.585 0.453 0.201 0.071 
0 0.471 0.585 0.506 0.225 0.109 0.0431 
0 0.689 0.453 0.225 1.04 0.472 0.151 
0 0.284 0.201 0.109 0.472 0.273 0.106 
0 0.0886 0.071 0.0431 0.151 0.106 0.0493 
H matrix
-7.91 -0.0747 -0.0269 0.0912 0.24 0.164 0.054 
-0.0604 -9.21 -6.36 -3.3 -4.93 -2 -0.619 
-0.0446 -6.36 -5.76 -3.73 -3.24 -1.4 -0.474 
-0.00412 -3.29 -3.73 -2.69 -1.6 -0.736 -0.274 
0.266 -4.92 -3.21 -1.56 -7.24 -3.21 -1.01 
0.185 -2 -1.39 -0.712 -3.21 -1.72 -0.615 
0.0842 -0.614 -0.471 -0.264 -1 -0.601 -0.207 
S matrix
1 0 0 0 0 0 0 
0 1.28 0.895 0.471 0.689 0.284 0.0886 
0 0.895 0.847 0.585 0.453 0.201 0.071 
0 0.471 0.585 0.506 0.225 0.109 0.0431 
0 0.689 0.453 0.225 1.04 0.472 0.151 
0 0.284 0.201 0.109 0.472 0.273 0.106 
0 0.0886 0.071 0.0431 0.151 0.106 0.0493 
H matrix
-7.91 -0.0747 -0.0269 0.0912 0.24 0.164 0.054 
-0.0604 -9.21 -6.36 -3.3 -4.93 -2 -0.619 
-0.0446 -6.36 -5.76 -3.73 -3.24 -1.4 -0.474 
-0.00412 -3.29 -3.73 -2.69 -1.6 -0.736 -0.274 
0.266 -4.92 -3.21 -1.56 -7.24 -3.21 -1.01 
0.185 -2 -1.39 -0.712 -3.21 -1.72 -0.615 
0.0842 -0.614 -0.471 -0.264 -1 -0.601 -0.207 
S matrix
1 0 0 0 0 0 0 
0 1.28 0.895 0.471 0.689 0.284 0.0886 
0 0.895 0.847 0.585 0.453 0.201 0.071 
0 0.471 0.585 0.506 0.225 0.109 0.0431 
0 0.689 0.453 0.225 1.04 0.472 0.151 
0 0.284 0.201 0.109 0.472 0.273 0.106 
0 0.0886 0.071 0.0431 0.151 0.106 0.0493 
H matrix
-7.91 -0.0747 -0.0269 0.0912 0.24 0.164 0.054 
-0.0604 -9.21 -6.36 -3.3 -4.93 -2 -0.619 
-0.0446 -6.36 -5.76 -3.73 -3.24 -1.4 -0.474 
-0.00412 -3.29 -3.73 -2.69 -1.6 -0.736 -0.274 
0.266 -4.92 -3.21 -1.56 -7.24 -3.21 -1.01 
0.185 -2 -1.39 -0.712 -3.21 -1.72 -0.615 
0.0842 -0.614 -0.471 -0.264 -1 -0.601 -0.207 
S matrix
1 0 0 0 0 0 0 
0 1.28 0.895 0.471 0.689 0.284 0.0886 
0 0.895 0.847 0.585 0.453 0.201 0.071 
0 0.471 0.585 0.506 0.225 0.109 0.0431 
0 0.689 0.453 0.225 1.04 0.472 0.151 
0 0.284 0.201 0.109 0.472 0.273 0.106 
0 0.0886 0.071 0.0431 0.151 0.106 0.0493 
H matrix
-7.91 -0.0747 -0.0269 0.0912 0.24 0.164 0.054 
-0.0604 -9.21 -6.36 -3.3 -4.93 -2 -0.619 
-0.0446 -6.36 -5.76 -3.73 -3.24 -1.4 -0.474 
-0.00412 -3.29 -3.73 -2.69 -1.6 -0.736 -0.274 
0.266 -4.92 -3.21 -1.56 -7.24 -3.21 -1.01 
0.185 -2 -1.39 -0.712 -3.21 -1.72 -0.615 
0.0842 -0.614 -0.471 -0.264 -1 -0.601 -0.207 
S matrix
1 0 0 0 0 0 0 
0 1.28 0.895 0.471 0.689 0.284 0.0886 
0 0.895 0.847 0.585 0.453 0.201 0.071 
0 0.471 0.585 0.506 0.225 0.109 0.0431 
0 0.689 0.453 0.225 1.04 0.472 0.151 
0 0.284 0.201 0.109 0.472 0.273 0.106 
S matrix
1 0 0 0 0 0 0 
0 1.28 0.895 0.471 0.689 0.284 0.0886 
0 0.895 0.847 0.585 0.453 0.201 0.071 
0 0.471 0.585 0.506 0.225 0.109 0.0431 
0 0.689 0.453 0.225 1.04 0.472 0.151 
0 0.284 0.201 0.109 0.472 0.273 0.106 
0 0.0886 0.071 0.0431 0.151 0.106 0.0493 
H matrix
-7.91 -0.0747 -0.0269 0.0912 0.24 0.164 0.054 
-0.0604 -9.21 -6.36 -3.3 -4.93 -2 -0.619 
-0.0446 -6.36 -5.76 -3.73 -3.24 -1.4 -0.474 
-0.00412 -3.29 -3.73 -2.69 -1.6 -0.736 -0.274 
0.266 -4.92 -3.21 -1.56 -7.24 -3.21 -1.01 
0.185 -2 -1.39 -0.712 -3.21 -1.72 -0.615 
0.0842 -0.614 -0.471 -0.264 -1 -0.601 -0.207 
S matrix
1 0 0 0 0 0 0 
0 1.28 0.895 0.471 0.689 0.284 0.0886 
0 0.895 0.847 0.585 0.453 0.201 0.071 
0 0.471 0.585 0.506 0.225 0.109 0.0431 
0 0.689 0.453 0.225 1.04 0.472 0.151 
0 0.284 0.201 0.109 0.472 0.273 0.106 
0 0.0886 0.071 0.0431 0.151 0.106 0.0493 
H matrix
-7.91 -0.0747 -0.0269 0.0912 0.24 0.164 0.054 
-0.0604 -9.21 -6.36 -3.3 -4.93 -2 -0.619 
-0.0446 -6.36 -5.76 -3.73 -3.24 -1.4 -0.474 
-0.00412 -3.29 -3.73 -2.69 -1.6 -0.736 -0.274 
0.266 -4.92 -3.21 -1.56 -7.24 -3.21 -1.01 
0.185 -2 -1.39 -0.712 -3.21 -1.72 -0.615 
0.0842 -0.614 -0.471 -0.264 -1 -0.601 -0.207 
S matrix
1 0 0 0 0 0 0 
0 1.28 0.895 0.471 0.689 0.284 0.0886 
0 0.895 0.847 0.585 0.453 0.201 0.071 
0 0.471 0.585 0.506 0.225 0.109 0.0431 
0 0.689 0.453 0.225 1.04 0.472 0.151 
0 0.284 0.201 0.109 0.472 0.273 0.106 
0 0.0886 0.071 0.0431 0.151 0.106 0.0493 
H matrix
-7.91 -0.0747 -0.0269 0.0912 0.24 0.164 0.054 
-0.0604 -9.21 -6.36 -3.3 -4.93 -2 -0.619 
-0.0446 -6.36 -5.76 -3.73 -3.24 -1.4 -0.474 
-0.00412 -3.29 -3.73 -2.69 -1.6 -0.736 -0.274 
0.266 -4.92 -3.21 -1.56 -7.24 -3.21 -1.01 
0.185 -2 -1.39 -0.712 -3.21 -1.72 -0.615 
0.0842 -0.614 -0.471 -0.264 -1 -0.601 -0.207 
S matrix
1 0 0 0 0 0 0 
0 1.28 0.895 0.471 0.689 0.284 0.0886 
0 0.895 0.847 0.585 0.453 0.201 0.071 
0 0.471 0.585 0.506 0.225 0.109 0.0431 
0 0.689 0.453 0.225 1.04 0.472 0.151 
0 0.284 0.201 0.109 0.472 0.273 0.106 
0 0.0886 0.071 0.0431 0.151 0.106 0.0493 
H matrix
-7.91 -0.0747 -0.0269 0.0912 0.24 0.164 0.054 
-0.0604 -9.21 -6.36 -3.3 -4.93 -2 -0.619 
-0.0446 -6.36 -5.76 -3.73 -3.24 -1.4 -0.474 
-0.00412 -3.29 -3.73 -2.69 -1.6 -0.736 -0.274 
0.266 -4.92 -3.21 -1.56 -7.24 -3.21 -1.01 
0.185 -2 -1.39 -0.712 -3.21 -1.72 -0.615 
0.0842 -0.614 -0.471 -0.264 -1 -0.601 -0.207 
S matrix
1 0 0 0 0 0 0 
0 1.28 0.895 0.471 0.689 0.284 0.0886 
0 0.895 0.847 0.585 0.453 0.201 0.071 
0 0.471 0.585 0.506 0.225 0.109 0.0431 
0 0.689 0.453 0.225 1.04 0.472 0.151 
0 0.284 0.201 0.109 0.472 0.273 0.106 
0 0.0886 0.071 0.0431 0.151 0.106 0.0493 
H matrix
-7.91 -0.0747 -0.0269 0.0912 0.24 0.164 0.054 
-0.0604 -9.21 -6.36 -3.3 -4.93 -2 -0.619 
-0.0446 -6.36 -5.76 -3.73 -3.24 -1.4 -0.474 
-0.00412 -3.29 -3.73 -2.69 -1.6 -0.736 -0.274 
0.266 -4.92 -3.21 -1.56 -7.24 -3.21 -1.01 
0.185 -2 -1.39 -0.712 -3.21 -1.72 -0.615 
0.0842 -0.614 -0.471 -0.264 -1 -0.601 -0.207 
S matrix
1 0 0 0 0 0 0 
0 1.28 0.895 0.471 0.689 0.284 0.0886 
0 0.895 0.847 0.585 0.453 0.201 0.071 
0 0.471 0.585 0.506 0.225 0.109 0.0431 
0 0.689 0.453 0.225 1.04 0.472 0.151 
0 0.284 0.201 0.109 0.472 0.273 0.106 
0 0.0886 0.071 0.0431 0.151 0.106 0.0493 
H matrix
-7.91 -0.0747 -0.0269 0.0912 0.24 0.164 0.054 
-0.0604 -9.21 -6.36 -3.3 -4.93 -2 -0.619 
-0.0446 -6.36 -5.76 -3.73 -3.24 -1.4 -0.474 
-0.00412 -3.29 -3.73 -2.69 -1.6 -0.736 -0.274 
0.266 -4.92 -3.21 -1.56 -7.24 -3.21 -1.01 
0.185 -2 -1.39 -0.712 -3.21 -1.72 -0.615 
0.0842 -0.614 -0.471 -0.264 -1 -0.601 -0.207 
S matrix
1 0 0 0 0 0 0 
0 1.28 0.895 0.471 0.689 0.284 0.0886 
0 0.895 0.847 0.585 0.453 0.201 0.071 
0 0.471 0.585 0.506 0.225 0.109 0.0431 
0 0.689 0.453 0.225 1.04 0.472 0.151 
0 0.284 0.201 0.109 0.472 0.273 0.106 
0 0.0886 0.071 0.0431 0.151 0.106 0.0493 
H matrix
-7.91 -0.0747 -0.0269 0.0912 0.24 0.164 0.054 
-0.0604 -9.21 -6.36 -3.3 -4.93 -2 -0.619 
-0.0446 -6.36 -5.76 -3.73 -3.24 -1.4 -0.474 
-0.00412 -3.29 -3.73 -2.69 -1.6 -0.736 -0.274 
0.266 -4.92 -3.21 -1.56 -7.24 -3.21 -1.01 
0.185 -2 -1.39 -0.712 -3.21 -1.72 -0.615 
0.0842 -0.614 -0.471 -0.264 -1 -0.601 -0.207 
S matrix
1 0 0 0 0 0 0 
0 1.28 0.895 0.471 0.689 0.284 0.0886 
0 0.895 0.847 0.585 0.453 0.201 0.071 
0 0.471 0.585 0.506 0.225 0.109 0.0431 
0 0.689 0.453 0.225 1.04 0.472 0.151 
0 0.284 0.201 0.109 0.472 0.273 0.106 
0 0.0886 0.071 0.0431 0.151 0.106 0.0493 
H matrix
-7.91 -0.0747 -0.0269 0.0912 0.24 0.164 0.054 
-0.0604 -9.21 -6.36 -3.3 -4.93 -2 -0.619 
-0.0446 -6.36 -5.76 -3.73 -3.24 -1.4 -0.474 
-0.00412 -3.29 -3.73 -2.69 -1.6 -0.736 -0.274 
0.266 -4.92 -3.21 -1.56 -7.24 -3.21 -1.01 
0.185 -2 -1.39 -0.712 -3.21 -1.72 -0.615 
0.0842 -0.614 -0.471 -0.264 -1 -0.601 -0.207 
S matrix
1 0 0 0 0 0 0 
0 1.28 0.895 0.471 0.689 0.284 0.0886 
0 0.895 0.847 0.585 0.453 0.201 0.071 
0 0.471 0.585 0.506 0.225 0.109 0.0431 
0 0.689 0.453 0.225 1.04 0.472 0.151 
0 0.284 0.201 0.109 0.472 0.273 0.106 
0 0.0886 0.071 0.0431 0.151 0.106 0.0493 
H matrix
-7.91 -0.0747 -0.0269 0.0912 0.24 0.164 0.054 
-0.0604 -9.21 -6.36 -3.3 -4.93 -2 -0.619 
-0.0446 -6.36 -5.76 -3.73 -3.24 -1.4 -0.474 
-0.00412 -3.29 -3.73 -2.69 -1.6 -0.736 -0.274 
0.266 -4.92 -3.21 -1.56 -7.24 -3.21 -1.01 
0.185 -2 -1.39 -0.712 -3.21 -1.72 -0.615 
0.0842 -0.614 -0.471 -0.264 -1 -0.601 -0.207 
S matrix
1 0 0 0 0 0 0 
0 1.28 0.895 0.471 0.689 0.284 0.0886 
0 0.895 0.847 0.585 0.453 0.201 0.071 
