0: output to qwalk_220.linear.o
11: cell volume 22854.8
11: elsu 15.1178
11: alpha 0.330736
18: cell volume 22854.8
18: elsu 15.1178
18: alpha 0.330736
20: cell volume 22854.8
20: elsu 15.1178
20: alpha 0.330736
2: cell volume 22854.8
2: elsu 15.1178
2: alpha 0.330736
1: cell volume 22854.8
1: elsu 15.1178
1: alpha 0.330736
5: cell volume 22854.8
5: elsu 15.1178
5: alpha 0.330736
13: cell volume 22854.8
13: elsu 15.1178
13: alpha 0.330736
14: cell volume 22854.8
14: elsu 15.1178
14: alpha 0.330736
23: cell volume 22854.8
23: elsu 15.1178
23: alpha 0.330736
cutoff 10.3947
4: cell volume 22854.8
4: elsu 15.1178
4: alpha 0.330736
19: cell volume 22854.8
19: elsu 15.1178
19: alpha 0.330736
21: cell volume 22854.8
21: elsu 15.1178
21: alpha 0.330736
22: cell volume 22854.8
22: elsu 15.1178
22: alpha 0.330736
24: cell volume 22854.8
24: elsu 15.1178
24: alpha 0.330736
3: cell volume 22854.8
3: elsu 15.1178
3: alpha 0.330736
 total centers 200
0: cell volume 22854.8
**Warning** atom 1 is out of the simulation cell.  Putting it inside.
**Warning** atom 2 is out of the simulation cell.  Putting it inside.
**Warning** atom 3 is out of the simulation cell.  Putting it inside.
**Warning** atom 5 is out of the simulation cell.  Putting it inside.
**Warning** atom 6 is out of the simulation cell.  Putting it inside.
**Warning** atom 7 is out of the simulation cell.  Putting it inside.
**Warning** atom 8 is out of the simulation cell.  Putting it inside.
**Warning** atom 9 is out of the simulation cell.  Putting it inside.
**Warning** atom 10 is out of the simulation cell.  Putting it inside.
**Warning** atom 13 is out of the simulation cell.  Putting it inside.
**Warning** atom 14 is out of the simulation cell.  Putting it inside.
**Warning** atom 15 is out of the simulation cell.  Putting it inside.
0: elsu 15.1178
0: alpha 0.330736
7: cell volume 22854.8
7: elsu 15.1178
7: alpha 0.330736
8: cell volume 22854.8
8: elsu 15.1178
8: alpha 0.330736
10: cell volume 22854.8
10: elsu 15.1178
10: alpha 0.330736
6: cell volume 22854.8
6: elsu 15.1178
6: alpha 0.330736
16: cell volume 22854.8
16: elsu 15.1178
16: alpha 0.330736
26: cell volume 22854.8
26: elsu 15.1178
26: alpha 0.330736
9: cell volume 22854.8
9: elsu 15.1178
9: alpha 0.330736
12: cell volume 22854.8
12: elsu 15.1178
12: alpha 0.330736
15: cell volume 22854.8
15: elsu 15.1178
15: alpha 0.330736
17: cell volume 22854.8
17: elsu 15.1178
17: alpha 0.330736
25: cell volume 22854.8
25: elsu 15.1178
25: alpha 0.330736
27: cell volume 22854.8
27: elsu 15.1178
27: alpha 0.330736
14: real space ion-ion 0.729456
5: real space ion-ion 0.729456
4: real space ion-ion 0.729456
8: real space ion-ion 0.729456
16: real space ion-ion 0.729456
7: real space ion-ion 0.729456
14: reciprocal space ion 52.8103
5: reciprocal space ion 52.8103
4: reciprocal space ion 52.8103
Ewald sum using 2822 reciprocal points
0: real space ion-ion 0.729456
16: reciprocal space ion 52.8103
6: real space ion-ion 0.729456
21: real space ion-ion 0.729456
8: reciprocal space ion 52.8103
26: real space ion-ion 0.729456
7: reciprocal space ion 52.8103
18: real space ion-ion 0.729456
6: reciprocal space ion 52.8103
0: reciprocal space ion 52.8103
21: reciprocal space ion 52.8103
26: reciprocal space ion 52.8103
18: reciprocal space ion 52.8103
2: real space ion-ion 0.729456
9: real space ion-ion 0.729456
2: reciprocal space ion 52.8103
27: real space ion-ion 0.729456
15: real space ion-ion 0.729456
23: real space ion-ion 0.729456
9: reciprocal space ion 52.8103
27: reciprocal space ion 52.8103
15: reciprocal space ion 52.8103
17: real space ion-ion 0.729456
20: real space ion-ion 0.729456
23: reciprocal space ion 52.8103
17: reciprocal space ion 52.8103
20: reciprocal space ion 52.8103
3: real space ion-ion 0.729456
24: real space ion-ion 0.729456
3: reciprocal space ion 52.8103
24: reciprocal space ion 52.8103
19: real space ion-ion 0.729456
19: reciprocal space ion 52.8103
25: real space ion-ion 0.729456
25: reciprocal space ion 52.8103
12: real space ion-ion 0.729456
12: reciprocal space ion 52.8103
13: real space ion-ion 0.729456
13: reciprocal space ion 52.8103
1: real space ion-ion 0.729456
1: reciprocal space ion 52.8103
11: real space ion-ion 0.729456
11: reciprocal space ion 52.8103
Could not open qwalk_220.linear.config. Generating configurations from scratch
22: real space ion-ion 0.729456
22: reciprocal space ion 52.8103
10: real space ion-ion 0.729456
10: reciprocal space ion 52.8103
10: Timestep is 2.29
18: Timestep is 2.29
3: Timestep is 2.29
20: Timestep is 2.29
13: Timestep is 2.29
22: Timestep is 2.29
4: Timestep is 2.29
6: Timestep is 2.29
8: Timestep is 2.29
5: Timestep is 2.29
27: Timestep is 2.29
17: Timestep is 2.29
21: Timestep is 2.29
12: Timestep is 2.29
25: Timestep is 2.29
16: Timestep is 2.29
9: Timestep is 2.29
1: Timestep is 2.29
14: Timestep is 2.29
7: Timestep is 2.29
24: Timestep is 2.29
26: Timestep is 2.29
2: Timestep is 2.29
0: Timestep is 2.29
15: Timestep is 2.29
11: Timestep is 2.29
19: Timestep is 2.29
23: Timestep is 2.29
1: Write took 0 seconds
1: Write took 0 seconds
1: Write took 0 seconds
1: Write took 0 seconds
1: Write took 0 seconds
1: Write took 0 seconds
1: Write took 0 seconds
1: Write took 0 seconds
1: Write took 0 seconds
1: Write took 0 seconds
1: Write took 0 seconds
1: Write took 0 seconds
1: Write took 0 seconds
1: Write took 0 seconds
1: Write took 0 seconds
1: Write took 0 seconds
1: Write took 0 seconds
1: Write took 0 seconds
1: Write took 0 seconds
1: Write took 0 seconds
S matrix
1 0 0 0 0 0 0 
0 1.29 0.91 0.482 0.745 0.318 0.103 
0 0.91 0.859 0.589 0.498 0.232 0.0857 
0 0.482 0.589 0.504 0.247 0.126 0.0532 
0 0.745 0.498 0.247 1.62 0.714 0.229 
0 0.318 0.232 0.126 0.714 0.393 0.152 
0 0.103 0.0857 0.0532 0.229 0.152 0.0721 
H matrix
-7.07 -0.0383 -0.0482 -0.022 0.756 0.453 0.177 
-0.0225 -8.1 -5.67 -2.97 -4.63 -1.95 -0.621 
-0.0353 -5.66 -5.09 -3.27 -3.07 -1.38 -0.491 
-0.0183 -2.94 -3.25 -2.26 -1.51 -0.72 -0.277 
0.783 -4.62 -3.08 -1.53 -9.74 -4.2 -1.29 
0.488 -1.94 -1.38 -0.73 -4.18 -2.1 -0.706 
0.226 -0.605 -0.477 -0.273 -1.28 -0.697 -0.197 
S matrix
1 0 0 0 0 0 0 
0 1.29 0.91 0.482 0.745 0.318 0.103 
0 0.91 0.859 0.589 0.498 0.232 0.0857 
0 0.482 0.589 0.504 0.247 0.126 0.0532 
0 0.745 0.498 0.247 1.62 0.714 0.229 
0 0.318 0.232 0.126 0.714 0.393 0.152 
0 0.103 0.0857 0.0532 0.229 0.152 0.0721 
H matrix
-7.07 -0.0383 -0.0482 -0.022 0.756 0.453 0.177 
-0.0225 -8.1 -5.67 -2.97 -4.63 -1.95 -0.621 
-0.0353 -5.66 -5.09 -3.27 -3.07 -1.38 -0.491 
-0.0183 -2.94 -3.25 -2.26 -1.51 -0.72 -0.277 
0.783 -4.62 -3.08 -1.53 -9.74 -4.2 -1.29 
0.488 -1.94 -1.38 -0.73 -4.18 -2.1 -0.706 
0.226 -0.605 -0.477 -0.273 -1.28 -0.697 -0.197 
S matrix
1 0 0 0 0 0 0 
0 1.29 0.91 0.482 0.745 0.318 0.103 
0 0.91 0.859 0.589 0.498 0.232 0.0857 
0 0.482 0.589 0.504 0.247 0.126 0.0532 
0 0.745 0.498 0.247 1.62 0.714 0.229 
0 0.318 0.232 0.126 0.714 0.393 0.152 
0 0.103 0.0857 0.0532 0.229 0.152 0.0721 
H matrix
-7.07 -0.0383 -0.0482 -0.022 0.756 0.453 0.177 
-0.0225 -8.1 -5.67 -2.97 -4.63 -1.95 -0.621 
-0.0353 -5.66 -5.09 -3.27 -3.07 -1.38 -0.491 
-0.0183 -2.94 -3.25 -2.26 -1.51 -0.72 -0.277 
0.783 -4.62 -3.08 -1.53 -9.74 -4.2 -1.29 
0.488 -1.94 -1.38 -0.73 -4.18 -2.1 -0.706 
0.226 -0.605 -0.477 -0.273 -1.28 -0.697 -0.197 
S matrix
1 0 0 0 0 0 0 
0 1.29 0.91 0.482 0.745 0.318 0.103 
0 0.91 0.859 0.589 0.498 0.232 0.0857 
0 0.482 0.589 0.504 0.247 0.126 0.0532 
0 0.745 0.498 0.247 1.62 0.714 0.229 
0 0.318 0.232 0.126 0.714 0.393 0.152 
0 0.103 0.0857 0.0532 0.229 0.152 0.0721 
H matrix
-7.07 -0.0383 -0.0482 -0.022 0.756 0.453 0.177 
-0.0225 -8.1 -5.67 -2.97 -4.63 -1.95 -0.621 
-0.0353 -5.66 -5.09 -3.27 -3.07 -1.38 -0.491 
-0.0183 -2.94 -3.25 -2.26 -1.51 -0.72 -0.277 
0.783 -4.62 -3.08 -1.53 -9.74 -4.2 -1.29 
0.488 -1.94 -1.38 -0.73 -4.18 -2.1 -0.706 
0.226 -0.605 -0.477 -0.273 -1.28 -0.697 -0.197 
S matrix
1 0 0 0 0 0 0 
0 1.29 0.91 0.482 0.745 0.318 0.103 
0 0.91 0.859 0.589 0.498 0.232 0.0857 
0 0.482 0.589 0.504 0.247 0.126 0.0532 
0 0.745 0.498 0.247 1.62 0.714 0.229 
0 0.318 0.232 0.126 0.714 0.393 0.152 
0 0.103 0.0857 0.0532 0.229 0.152 0.0721 
H matrix
-7.07 -0.0383 -0.0482 -0.022 0.756 0.453 0.177 
-0.0225 -8.1 -5.67 -2.97 -4.63 -1.95 -0.621 
-0.0353 -5.66 -5.09 -3.27 -3.07 -1.38 -0.491 
-0.0183 -2.94 -3.25 -2.26 -1.51 -0.72 -0.277 
0.783 -4.62 -3.08 -1.53 -9.74 -4.2 -1.29 
0.488 -1.94 -1.38 -0.73 -4.18 -2.1 -0.706 
0.226 -0.605 -0.477 -0.273 -1.28 -0.697 -0.197 
S matrix
1 0 0 0 0 0 0 
0 1.29 0.91 0.482 0.745 0.318 0.103 
0 0.91 0.859 0.589 0.498 0.232 0.0857 
0 0.482 0.589 0.504 0.247 0.126 0.0532 
0 0.745 0.498 0.247 1.62 0.714 0.229 
0 0.318 0.232 0.126 0.714 0.393 0.152 
0 0.103 0.0857 0.0532 0.229 0.152 0.0721 
H matrix
-7.07 -0.0383 -0.0482 -0.022 0.756 0.453 0.177 
-0.0225 -8.1 -5.67 -2.97 -4.63 -1.95 -0.621 
-0.0353 -5.66 -5.09 -3.27 -3.07 -1.38 -0.491 
-0.0183 -2.94 -3.25 -2.26 -1.51 -0.72 -0.277 
0.783 -4.62 -3.08 -1.53 -9.74 -4.2 -1.29 
0.488 -1.94 -1.38 -0.73 -4.18 -2.1 -0.706 
0.226 -0.605 -0.477 -0.273 -1.28 -0.697 -0.197 
S matrix
1 0 0 0 0 0 0 
0 1.29 0.91 0.482 0.745 0.318 0.103 
0 0.91 0.859 0.589 0.498 0.232 0.0857 
0 0.482 0.589 0.504 0.247 0.126 0.0532 
0 0.745 0.498 0.247 1.62 0.714 0.229 
0 0.318 0.232 0.126 0.714 0.393 0.152 
0 0.103 0.0857 0.0532 0.229 0.152 0.0721 
H matrix
-7.07 -0.0383 -0.0482 -0.022 0.756 0.453 0.177 
-0.0225 -8.1 -5.67 -2.97 -4.63 -1.95 -0.621 
-0.0353 -5.66 -5.09 -3.27 -3.07 -1.38 -0.491 
-0.0183 -2.94 -3.25 -2.26 -1.51 -0.72 -0.277 
0.783 -4.62 -3.08 -1.53 -9.74 -4.2 -1.29 
0.488 -1.94 -1.38 -0.73 -4.18 -2.1 -0.706 
0.226 -0.605 -0.477 -0.273 -1.28 -0.697 -0.197 
S matrix
1 0 0 0 0 0 0 
0 1.29 0.91 0.482 0.745 0.318 0.103 
0 0.91 0.859 0.589 0.498 0.232 0.0857 
0 0.482 0.589 0.504 0.247 0.126 0.0532 
0 0.745 0.498 0.247 1.62 0.714 0.229 
0 0.318 0.232 0.126 0.714 0.393 0.152 
0 0.103 0.0857 0.0532 0.229 0.152 0.0721 
H matrix
-7.07 -0.0383 -0.0482 -0.022 0.756 0.453 0.177 
-0.0225 -8.1 -5.67 -2.97 -4.63 -1.95 -0.621 
-0.0353 -5.66 -5.09 -3.27 -3.07 -1.38 -0.491 
-0.0183 -2.94 -3.25 -2.26 -1.51 -0.72 -0.277 
0.783 -4.62 -3.08 -1.53 -9.74 -4.2 -1.29 
0.488 -1.94 -1.38 -0.73 -4.18 -2.1 -0.706 
0.226 -0.605 -0.477 -0.273 -1.28 -0.697 -0.197 
S matrix
1 0 0 0 0 0 0 
0 1.29 0.91 0.482 0.745 0.318 0.103 
0 0.91 0.859 0.589 0.498 0.232 0.0857 
0 0.482 0.589 0.504 0.247 0.126 0.0532 
0 0.745 0.498 0.247 1.62 0.714 0.229 
0 0.318 0.232 0.126 0.714 0.393 0.152 
0 0.103 0.0857 0.0532 0.229 0.152 0.0721 
H matrix
-7.07 -0.0383 -0.0482 -0.022 0.756 0.453 0.177 
-0.0225 -8.1 -5.67 -2.97 -4.63 -1.95 -0.621 
-0.0353 -5.66 -5.09 -3.27 -3.07 -1.38 -0.491 
-0.0183 -2.94 -3.25 -2.26 -1.51 -0.72 -0.277 
0.783 -4.62 -3.08 -1.53 -9.74 -4.2 -1.29 
0.488 -1.94 -1.38 -0.73 -4.18 -2.1 -0.706 
0.226 -0.605 -0.477 -0.273 -1.28 -0.697 -0.197 
S matrix
1 0 0 0 0 0 0 
0 1.29 0.91 0.482 0.745 0.318 0.103 
0 0.91 0.859 0.589 0.498 0.232 0.0857 
0 0.482 0.589 0.504 0.247 0.126 0.0532 
0 0.745 0.498 0.247 1.62 0.714 0.229 
0 0.318 0.232 0.126 0.714 0.393 0.152 
0 0.103 0.0857 0.0532 0.229 0.152 0.0721 
H matrix
-7.07 -0.0383 -0.0482 -0.022 0.756 0.453 0.177 
-0.0225 -8.1 -5.67 -2.97 -4.63 -1.95 -0.621 
-0.0353 -5.66 -5.09 -3.27 -3.07 -1.38 -0.491 
-0.0183 -2.94 -3.25 -2.26 -1.51 -0.72 -0.277 
0.783 -4.62 -3.08 -1.53 -9.74 -4.2 -1.29 
0.488 -1.94 -1.38 -0.73 -4.18 -2.1 -0.706 
0.226 -0.605 -0.477 -0.273 -1.28 -0.697 -0.197 
S matrix
1 0 0 0 0 0 0 
0 1.29 0.91 0.482 0.745 0.318 0.103 
0 0.91 0.859 0.589 0.498 0.232 0.0857 
0 0.482 0.589 0.504 0.247 0.126 0.0532 
0 0.745 0.498 0.247 1.62 0.714 0.229 
0 0.318 0.232 0.126 0.714 0.393 0.152 
0 0.103 0.0857 0.0532 0.229 0.152 0.0721 
H matrix
-7.07 -0.0383 -0.0482 -0.022 0.756 0.453 0.177 
-0.0225 -8.1 -5.67 -2.97 -4.63 -1.95 -0.621 
-0.0353 -5.66 -5.09 -3.27 -3.07 -1.38 -0.491 
-0.0183 -2.94 -3.25 -2.26 -1.51 -0.72 -0.277 
0.783 -4.62 -3.08 -1.53 -9.74 -4.2 -1.29 
0.488 -1.94 -1.38 -0.73 -4.18 -2.1 -0.706 
0.226 -0.605 -0.477 -0.273 -1.28 -0.697 -0.197 
S matrix
1 0 0 0 0 0 0 
0 1.29 0.91 0.482 0.745 0.318 0.103 
0 0.91 0.859 0.589 0.498 0.232 0.0857 
0 0.482 0.589 0.504 0.247 0.126 0.0532 
0 0.745 0.498 0.247 1.62 0.714 0.229 
0 0.318 0.232 0.126 0.714 0.393 0.152 
0 0.103 0.0857 0.0532 0.229 0.152 0.0721 
H matrix
-7.07 -0.0383 -0.0482 -0.022 0.756 0.453 0.177 
-0.0225 -8.1 -5.67 -2.97 -4.63 -1.95 -0.621 
-0.0353 -5.66 -5.09 -3.27 -3.07 -1.38 -0.491 
-0.0183 -2.94 -3.25 -2.26 -1.51 -0.72 -0.277 
0.783 -4.62 -3.08 -1.53 -9.74 -4.2 -1.29 
0.488 -1.94 -1.38 -0.73 -4.18 -2.1 -0.706 
0.226 -0.605 -0.477 -0.273 -1.28 -0.697 -0.197 
S matrix
1 0 0 0 0 0 0 
0 1.29 0.91 0.482 0.745 0.318 0.103 
0 0.91 0.859 0.589 0.498 0.232 0.0857 
0 0.482 0.589 0.504 0.247 0.126 0.0532 
0 0.745 0.498 0.247 1.62 0.714 0.229 
0 0.318 0.232 0.126 0.714 0.393 0.152 
0 0.103 0.0857 0.0532 0.229 0.152 0.0721 
H matrix
-7.07 -0.0383 -0.0482 -0.022 0.756 0.453 0.177 
-0.0225 -8.1 -5.67 -2.97 -4.63 -1.95 -0.621 
-0.0353 -5.66 -5.09 -3.27 -3.07 -1.38 -0.491 
-0.0183 -2.94 -3.25 -2.26 -1.51 -0.72 -0.277 
0.783 -4.62 -3.08 -1.53 -9.74 -4.2 -1.29 
0.488 -1.94 -1.38 -0.73 -4.18 -2.1 -0.706 
0.226 -0.605 -0.477 -0.273 -1.28 -0.697 -0.197 
S matrix
1 0 0 0 0 0 0 
0 1.29 0.91 0.482 0.745 0.318 0.103 
0 0.91 0.859 0.589 0.498 0.232 0.0857 
0 0.482 0.589 0.504 0.247 0.126 0.0532 
0 0.745 0.498 0.247 1.62 0.714 0.229 
0 0.318 0.232 0.126 0.714 0.393 0.152 
0 0.103 0.0857 0.0532 0.229 0.152 0.0721 
H matrix
-7.07 -0.0383 -0.0482 -0.022 0.756 0.453 0.177 
-0.0225 -8.1 -5.67 -2.97 -4.63 -1.95 -0.621 
-0.0353 -5.66 -5.09 -3.27 -3.07 -1.38 -0.491 
-0.0183 -2.94 -3.25 -2.26 -1.51 -0.72 -0.277 
0.783 -4.62 -3.08 -1.53 -9.74 -4.2 -1.29 
0.488 -1.94 -1.38 -0.73 -4.18 -2.1 -0.706 
0.226 -0.605 -0.477 -0.273 -1.28 -0.697 -0.197 
S matrix
1 0 0 0 0 0 0 
0 1.29 0.91 0.482 0.745 0.318 0.103 
0 0.91 0.859 0.589 0.498 0.232 0.0857 
0 0.482 0.589 0.504 0.247 0.126 0.0532 
0 0.745 0.498 0.247 1.62 0.714 0.229 
0 0.318 0.232 0.126 0.714 0.393 0.152 
0 0.103 0.0857 0.0532 0.229 0.152 0.0721 
H matrix
-7.07 -0.0383 -0.0482 -0.022 0.756 0.453 0.177 
-0.0225 -8.1 -5.67 -2.97 -4.63 -1.95 -0.621 
-0.0353 -5.66 -5.09 -3.27 -3.07 -1.38 -0.491 
-0.0183 -2.94 -3.25 -2.26 -1.51 -0.72 -0.277 
0.783 -4.62 -3.08 -1.53 -9.74 -4.2 -1.29 
0.488 -1.94 -1.38 -0.73 -4.18 -2.1 -0.706 
0.226 -0.605 -0.477 -0.273 -1.28 -0.697 -0.197 
S matrix
1 0 0 0 0 0 0 
0 1.29 0.91 0.482 0.745 0.318 0.103 
0 0.91 0.859 0.589 0.498 0.232 0.0857 
0 0.482 0.589 0.504 0.247 0.126 0.0532 
0 0.745 0.498 0.247 1.62 0.714 0.229 
0 0.318 0.232 0.126 0.714 0.393 0.152 
0 0.103 0.0857 0.0532 0.229 0.152 0.0721 
H matrix
-7.07 -0.0383 -0.0482 -0.022 0.756 0.453 0.177 
-0.0225 -8.1 -5.67 -2.97 -4.63 -1.95 -0.621 
-0.0353 -5.66 -5.09 -3.27 -3.07 -1.38 -0.491 
-0.0183 -2.94 -3.25 -2.26 -1.51 -0.72 -0.277 
0.783 -4.62 -3.08 -1.53 -9.74 -4.2 -1.29 
0.488 -1.94 -1.38 -0.73 -4.18 -2.1 -0.706 
0.226 -0.605 -0.477 -0.273 -1.28 -0.697 -0.197 
S matrix
1 0 0 0 0 0 0 
0 1.29 0.91 0.482 0.745 0.318 0.103 
0 0.91 0.859 0.589 0.498 0.232 0.0857 
0 0.482 0.589 0.504 0.247 0.126 0.0532 
0 0.745 0.498 0.247 1.62 0.714 0.229 
0 0.318 0.232 0.126 0.714 0.393 0.152 
0 0.103 0.0857 0.0532 0.229 0.152 0.0721 
H matrix
-7.07 -0.0383 -0.0482 -0.022 0.756 0.453 0.177 
-0.0225 -8.1 -5.67 -2.97 -4.63 -1.95 -0.621 
-0.0353 -5.66 -5.09 -3.27 -3.07 -1.38 -0.491 
-0.0183 -2.94 -3.25 -2.26 -1.51 -0.72 -0.277 
0.783 -4.62 -3.08 -1.53 -9.74 -4.2 -1.29 
0.488 -1.94 -1.38 -0.73 -4.18 -2.1 -0.706 
0.226 -0.605 -0.477 -0.273 -1.28 -0.697 -0.197 
S matrix
1 0 0 0 0 0 0 
0 1.29 0.91 0.482 0.745 0.318 0.103 
0 0.91 0.859 0.589 0.498 0.232 0.0857 
0 0.482 0.589 0.504 0.247 0.126 0.0532 
0 0.745 0.498 0.247 1.62 0.714 0.229 
0 0.318 0.232 0.126 0.714 0.393 0.152 
0 0.103 0.0857 0.0532 0.229 0.152 0.0721 
H matrix
-7.07 -0.0383 -0.0482 -0.022 0.756 0.453 0.177 
-0.0225 -8.1 -5.67 -2.97 -4.63 -1.95 -0.621 
-0.0353 -5.66 -5.09 -3.27 -3.07 -1.38 -0.491 
-0.0183 -2.94 -3.25 -2.26 -1.51 -0.72 -0.277 
0.783 -4.62 -3.08 -1.53 -9.74 -4.2 -1.29 
0.488 -1.94 -1.38 -0.73 -4.18 -2.1 -0.706 
0.226 -0.605 -0.477 -0.273 -1.28 -0.697 -0.197 
S matrix
1 0 0 0 0 0 0 
0 1.29 0.91 0.482 0.745 0.318 0.103 
0 0.91 0.859 0.589 0.498 0.232 0.0857 
0 0.482 0.589 0.504 0.247 0.126 0.0532 
0 0.745 0.498 0.247 1.62 0.714 0.229 
0 0.318 0.232 0.126 0.714 0.393 0.152 
0 0.103 0.0857 0.0532 0.229 0.152 0.0721 
H matrix
-7.07 -0.0383 -0.0482 -0.022 0.756 0.453 0.177 
-0.0225 -8.1 -5.67 -2.97 -4.63 -1.95 -0.621 
-0.0353 -5.66 -5.09 -3.27 -3.07 -1.38 -0.491 
-0.0183 -2.94 -3.25 -2.26 -1.51 -0.72 -0.277 
0.783 -4.62 -3.08 -1.53 -9.74 -4.2 -1.29 
0.488 -1.94 -1.38 -0.73 -4.18 -2.1 -0.706 
0.226 -0.605 -0.477 -0.273 -1.28 -0.697 -0.197 
S matrix
1 0 0 0 0 0 0 
0 1.29 0.91 0.482 0.745 0.318 0.103 
0 0.91 0.859 0.589 0.498 0.232 0.0857 
0 0.482 0.589 0.504 0.247 0.126 0.0532 
0 0.745 0.498 0.247 1.62 0.714 0.229 
0 0.318 0.232 0.126 0.714 0.393 0.152 
0 0.103 0.0857 0.0532 0.229 0.152 0.0721 
H matrix
-7.07 -0.0383 -0.0482 -0.022 0.756 0.453 0.177 
-0.0225 -8.1 -5.67 -2.97 -4.63 -1.95 -0.621 
-0.0353 -5.66 -5.09 -3.27 -3.07 -1.38 -0.491 
-0.0183 -2.94 -3.25 -2.26 -1.51 -0.72 -0.277 
0.783 -4.62 -3.08 -1.53 -9.74 -4.2 -1.29 
0.488 -1.94 -1.38 -0.73 -4.18 -2.1 -0.706 
0.226 -0.605 -0.477 -0.273 -1.28 -0.697 -0.197 
S matrix
1 0 0 0 0 0 0 
0 1.29 0.91 0.482 0.745 0.318 0.103 
0 0.91 0.859 0.589 0.498 0.232 0.0857 
0 0.482 0.589 0.504 0.247 0.126 0.0532 
0 0.745 0.498 0.247 1.62 0.714 0.229 
0 0.318 0.232 0.126 0.714 0.393 0.152 
0 0.103 0.0857 0.0532 0.229 0.152 0.0721 
H matrix
-7.07 -0.0383 -0.0482 -0.022 0.756 0.453 0.177 
-0.0225 -8.1 -5.67 -2.97 -4.63 -1.95 -0.621 
-0.0353 -5.66 -5.09 -3.27 -3.07 -1.38 -0.491 
-0.0183 -2.94 -3.25 -2.26 -1.51 -0.72 -0.277 
0.783 -4.62 -3.08 -1.53 -9.74 -4.2 -1.29 
0.488 -1.94 -1.38 -0.73 -4.18 -2.1 -0.706 
0.226 -0.605 -0.477 -0.273 -1.28 -0.697 -0.197 
S matrix
1 0 0 0 0 0 0 
0 1.29 0.91 0.482 0.745 0.318 0.103 
0 0.91 0.859 0.589 0.498 0.232 0.0857 
0 0.482 0.589 0.504 0.247 0.126 0.0532 
0 0.745 0.498 0.247 1.62 0.714 0.229 
0 0.318 0.232 0.126 0.714 0.393 0.152 
0 0.103 0.0857 0.0532 0.229 0.152 0.0721 
H matrix
-7.07 -0.0383 -0.0482 -0.022 0.756 0.453 0.177 
-0.0225 -8.1 -5.67 -2.97 -4.63 -1.95 -0.621 
-0.0353 -5.66 -5.09 -3.27 -3.07 -1.38 -0.491 
-0.0183 -2.94 -3.25 -2.26 -1.51 -0.72 -0.277 
0.783 -4.62 -3.08 -1.53 -9.74 -4.2 -1.29 
0.488 -1.94 -1.38 -0.73 -4.18 -2.1 -0.706 
0.226 -0.605 -0.477 -0.273 -1.28 -0.697 -0.197 
S matrix
1 0 0 0 0 0 0 
0 1.29 0.91 0.482 0.745 0.318 0.103 
0 0.91 0.859 0.589 0.498 0.232 0.0857 
0 0.482 0.589 0.504 0.247 0.126 0.0532 
0 0.745 0.498 0.247 1.62 0.714 0.229 
0 0.318 0.232 0.126 0.714 0.393 0.152 
0 0.103 0.0857 0.0532 0.229 0.152 0.0721 
H matrix
-7.07 -0.0383 -0.0482 -0.022 0.756 0.453 0.177 
-0.0225 -8.1 -5.67 -2.97 -4.63 -1.95 -0.621 
-0.0353 -5.66 -5.09 -3.27 -3.07 -1.38 -0.491 
-0.0183 -2.94 -3.25 -2.26 -1.51 -0.72 -0.277 
0.783 -4.62 -3.08 -1.53 -9.74 -4.2 -1.29 
0.488 -1.94 -1.38 -0.73 -4.18 -2.1 -0.706 
0.226 -0.605 -0.477 -0.273 -1.28 -0.697 -0.197 
S matrix
1 0 0 0 0 0 0 
0 1.29 0.91 0.482 0.745 0.318 0.103 
0 0.91 0.859 0.589 0.498 0.232 0.0857 
0 0.482 0.589 0.504 0.247 0.126 0.0532 
0 0.745 0.498 0.247 1.62 0.714 0.229 
0 0.318 0.232 0.126 0.714 0.393 0.152 
0 0.103 0.0857 0.0532 0.229 0.152 0.0721 
H matrix
-7.07 -0.0383 -0.0482 -0.022 0.756 0.453 0.177 
-0.0225 -8.1 -5.67 -2.97 -4.63 -1.95 -0.621 
-0.0353 -5.66 -5.09 -3.27 -3.07 -1.38 -0.491 
-0.0183 -2.94 -3.25 -2.26 -1.51 -0.72 -0.277 
0.783 -4.62 -3.08 -1.53 -9.74 -4.2 -1.29 
0.488 -1.94 -1.38 -0.73 -4.18 -2.1 -0.706 
0.226 -0.605 -0.477 -0.273 -1.28 -0.697 -0.197 
S matrix
1 0 0 0 0 0 0 
0 1.29 0.91 0.482 0.745 0.318 0.103 
0 0.91 0.859 0.589 0.498 0.232 0.0857 
0 0.482 0.589 0.504 0.247 0.126 0.0532 
0 0.745 0.498 0.247 1.62 0.714 0.229 
0 0.318 0.232 0.126 0.714 0.393 0.152 
0 0.103 0.0857 0.0532 0.229 0.152 0.0721 
H matrix
-7.07 -0.0383 -0.0482 -0.022 0.756 0.453 0.177 
-0.0225 -8.1 -5.67 -2.97 -4.63 -1.95 -0.621 
-0.0353 -5.66 -5.09 -3.27 -3.07 -1.38 -0.491 
-0.0183 -2.94 -3.25 -2.26 -1.51 -0.72 -0.277 
0.783 -4.62 -3.08 -1.53 -9.74 -4.2 -1.29 
0.488 -1.94 -1.38 -0.73 -4.18 -2.1 -0.706 
0.226 -0.605 -0.477 -0.273 -1.28 -0.697 -0.197 
S matrix
1 0 0 0 0 0 0 
0 1.29 0.91 0.482 0.745 0.318 0.103 
0 0.91 0.859 0.589 0.498 0.232 0.0857 
0 0.482 0.589 0.504 0.247 0.126 0.0532 
0 0.745 0.498 0.247 1.62 0.714 0.229 
0 0.318 0.232 0.126 0.714 0.393 0.152 
0 0.103 0.0857 0.0532 0.229 0.152 0.0721 
H matrix
-7.07 -0.0383 -0.0482 -0.022 0.756 0.453 0.177 
-0.0225 -8.1 -5.67 -2.97 -4.63 -1.95 -0.621 
-0.0353 -5.66 -5.09 -3.27 -3.07 -1.38 -0.491 
-0.0183 -2.94 -3.25 -2.26 -1.51 -0.72 -0.277 
0.783 -4.62 -3.08 -1.53 -9.74 -4.2 -1.29 
0.488 -1.94 -1.38 -0.73 -4.18 -2.1 -0.706 
0.226 -0.605 -0.477 -0.273 -1.28 -0.697 -0.197 
S matrix
1 0 0 0 0 0 0 
0 1.29 0.91 0.482 0.745 0.318 0.103 
0 0.91 0.859 0.589 0.498 0.232 0.0857 
0 0.482 0.589 0.504 0.247 0.126 0.0532 
0 0.745 0.498 0.247 1.62 0.714 0.229 
0 0.318 0.232 0.126 0.714 0.393 0.152 
0 0.103 0.0857 0.0532 0.229 0.152 0.0721 
H matrix
-7.07 -0.0383 -0.0482 -0.022 0.756 0.453 0.177 
-0.0225 -8.1 -5.67 -2.97 -4.63 -1.95 -0.621 
-0.0353 -5.66 -5.09 -3.27 -3.07 -1.38 -0.491 
-0.0183 -2.94 -3.25 -2.26 -1.51 -0.72 -0.277 
0.783 -4.62 -3.08 -1.53 -9.74 -4.2 -1.29 
0.488 -1.94 -1.38 -0.73 -4.18 -2.1 -0.706 
0.226 -0.605 -0.477 -0.273 -1.28 -0.697 -0.197 
proportions significant
S0 1
S 0.1666666667
H0 1
enderiv 0.3333333333
H 0.1666666667
energy derivative -0.0158424095 +/- 0.009370149361
energy derivative -0.01286007622 +/- 0.01593471418
energy derivative -0.00371462407 +/- 0.04448760942
energy derivative -0.02686241429 +/- 0.007580829809
energy derivative -0.03535612887 +/- 0.01115456945
energy derivative -0.04887726227 +/- 0.01650561023
S matrix
1 0 0 0 0 0 0 
0 1.29 0.91 0.482 0.745 0.318 0.103 
0 0.91 0.859 0.589 0.498 0.232 0.0857 
0 0.482 0.589 0.504 0.247 0.126 0.0532 
0 0.745 0.498 0.247 1.62 0.714 0.229 
0 0.318 0.232 0.126 0.714 0.393 0.152 
0 0.103 0.0857 0.0532 0.229 0.152 0.0721 
H matrix
-7.07 -0.0383 -0.0482 -0.022 0.756 0.453 0.177 
-0.0225 -8.1 -5.67 -2.97 -4.63 -1.95 -0.621 
-0.0353 -5.66 -5.09 -3.27 -3.07 -1.38 -0.491 
-0.0183 -2.94 -3.25 -2.26 -1.51 -0.72 -0.277 
0.783 -4.62 -3.08 -1.53 -9.74 -4.2 -1.29 
0.488 -1.94 -1.38 -0.73 -4.18 -2.1 -0.706 
0.226 -0.605 -0.477 -0.273 -1.28 -0.697 -0.197 
i 1 1.103921743 prop_psi0 0.9592099474
i 2 1.655882614 prop_psi0 0.9702287529
i 3 2.483823921 prop_psi0 0.9798295203
i 4 4.415686971 prop_psi0 0.9898323861
alphas
0 0 0 0 0 0 
0.0836 0.051 0.00568 -0.209 -0.143 -0.0657 
0.0605 0.0402 0.00858 -0.184 -0.122 -0.0566 
0.0407 0.0295 0.0089 -0.155 -0.101 -0.0469 
0.0207 0.0168 0.00668 -0.113 -0.0725 -0.0335 
i 1 1.103921743 prop_psi0 0.9592099474
i 2 1.655882614 prop_psi0 0.9702287529
i 3 2.483823921 prop_psi0 0.9798295203
i 4 4.415686971 prop_psi0 0.9898323861
alphas
0 0 0 0 0 0 
0.0836 0.051 0.00568 -0.209 -0.143 -0.0657 
0.0605 0.0402 0.00858 -0.184 -0.122 -0.0566 
0.0407 0.0295 0.0089 -0.155 -0.101 -0.0469 
0.0207 0.0168 0.00668 -0.113 -0.0725 -0.0335 
i 1 1.103921743 prop_psi0 0.9592099474
i 2 1.655882614 prop_psi0 0.9702287529
i 3 2.483823921 prop_psi0 0.9798295203
i 4 4.415686971 prop_psi0 0.9898323861
alphas
0 0 0 0 0 0 
0.0836 0.051 0.00568 -0.209 -0.143 -0.0657 
0.0605 0.0402 0.00858 -0.184 -0.122 -0.0566 
0.0407 0.0295 0.0089 -0.155 -0.101 -0.0469 
0.0207 0.0168 0.00668 -0.113 -0.0725 -0.0335 
i 1 1.103921743 prop_psi0 0.9592099474
i 2 1.655882614 prop_psi0 0.9702287529
i 3 2.483823921 prop_psi0 0.9798295203
i 1 1.103921743 prop_psi0 0.9592099474
i 2 1.655882614 prop_psi0 0.9702287529
i 3 2.483823921 prop_psi0 0.9798295203
i 1 1.103921743 prop_psi0 0.9592099474
i 2 1.655882614 prop_psi0 0.9702287529
i 3 2.483823921 prop_psi0 0.9798295203
i 4 4.415686971 prop_psi0 0.9898323861
alphas
i 1 1.103921743 prop_psi0 0.9592099474
i 2 1.655882614 prop_psi0 0.9702287529
i 3 2.483823921 prop_psi0 0.9798295203
i 4 4.415686971 prop_psi0 0.9898323861
alphas
0 0 0 0 0 0 
0.0836 0.051 0.00568 -0.209 -0.143 -0.0657 
0.0605 0.0402 0.00858 -0.184 -0.122 -0.0566 
0.0407 0.0295 0.0089 -0.155 -0.101 -0.0469 
0.0207 0.0168 0.00668 -0.113 -0.0725 -0.0335 
i 1 1.103921743 prop_psi0 0.9592099474
i 2 1.655882614 prop_psi0 0.9702287529
i 3 2.483823921 prop_psi0 0.9798295203
i 4 4.415686971 prop_psi0 0.9898323861
alphas
0 0 0 0 0 0 
0.0836 0.051 0.00568 -0.209 -0.143 -0.0657 
0.0605 0.0402 0.00858 -0.184 -0.122 -0.0566 
0.0407 0.0295 0.0089 -0.155 -0.101 -0.0469 
0.0207 0.0168 0.00668 -0.113 -0.0725 -0.0335 
i 1 1.103921743 prop_psi0 0.9592099474
i 2 1.655882614 prop_psi0 0.9702287529
i 3 2.483823921 prop_psi0 0.9798295203
i 4 4.415686971 prop_psi0 0.9898323861
alphas
0 0 0 0 0 0 
0.0836 0.051 0.00568 -0.209 -0.143 -0.0657 
0.0605 0.0402 0.00858 -0.184 -0.122 -0.0566 
0.0407 0.0295 0.0089 -0.155 -0.101 -0.0469 
0.0207 0.0168 0.00668 -0.113 -0.0725 -0.0335 
i 4 4.415686971 prop_psi0 0.9898323861
alphas
0 0 0 0 0 0 
0.0836 0.051 0.00568 -0.209 -0.143 -0.0657 
0.0605 0.0402 0.00858 -0.184 -0.122 -0.0566 
0.0407 0.0295 0.0089 -0.155 -0.101 -0.0469 
0.0207 0.0168 0.00668 -0.113 -0.0725 -0.0335 
i 4 4.415686971 prop_psi0 0.9898323861
alphas
0 0 0 0 0 0 
0.0836 0.051 0.00568 -0.209 -0.143 -0.0657 
0.0605 0.0402 0.00858 -0.184 -0.122 -0.0566 
0.0407 0.0295 0.0089 -0.155 -0.101 -0.0469 
0.0207 0.0168 0.00668 -0.113 -0.0725 -0.0335 
0 0 0 0 0 0 
0.0836 0.051 0.00568 -0.209 -0.143 -0.0657 
0.0605 0.0402 0.00858 -0.184 -0.122 -0.0566 
0.0407 0.0295 0.0089 -0.155 -0.101 -0.0469 
0.0207 0.0168 0.00668 -0.113 -0.0725 -0.0335 
i 1 1.103921743 prop_psi0 0.9592099474
i 2 1.655882614 prop_psi0 0.9702287529
i 3 2.483823921 prop_psi0 0.9798295203
i 4 4.415686971 prop_psi0 0.9898323861
alphas
0 0 0 0 0 0 
0.0836 0.051 0.00568 -0.209 -0.143 -0.0657 
0.0605 0.0402 0.00858 -0.184 -0.122 -0.0566 
0.0407 0.0295 0.0089 -0.155 -0.101 -0.0469 
0.0207 0.0168 0.00668 -0.113 -0.0725 -0.0335 
i 1 1.103921743 prop_psi0 0.9592099474
i 2 1.655882614 prop_psi0 0.9702287529
i 3 2.483823921 prop_psi0 0.9798295203
i 4 4.415686971 prop_psi0 0.9898323861
alphas
0 0 0 0 0 0 
0.0836 0.051 0.00568 -0.209 -0.143 -0.0657 
0.0605 0.0402 0.00858 -0.184 -0.122 -0.0566 
0.0407 0.0295 0.0089 -0.155 -0.101 -0.0469 
0.0207 0.0168 0.00668 -0.113 -0.0725 -0.0335 
i 1 1.103921743 prop_psi0 0.9592099474
i 2 1.655882614 prop_psi0 0.9702287529
i 3 2.483823921 prop_psi0 0.9798295203
i 4 4.415686971 prop_psi0 0.9898323861
alphas
0 0 0 0 0 0 
0.0836 0.051 0.00568 -0.209 -0.143 -0.0657 
0.0605 0.0402 0.00858 -0.184 -0.122 -0.0566 
0.0407 0.0295 0.0089 -0.155 -0.101 -0.0469 
0.0207 0.0168 0.00668 -0.113 -0.0725 -0.0335 
i 1 1.103921743 prop_psi0 0.9592099474
i 2 1.655882614 prop_psi0 0.9702287529
i 3 2.483823921 prop_psi0 0.9798295203
i 4 4.415686971 prop_psi0 0.9898323861
alphas
0 0 0 0 0 0 
0.0836 0.051 0.00568 -0.209 -0.143 -0.0657 
0.0605 0.0402 0.00858 -0.184 -0.122 -0.0566 
0.0407 0.0295 0.0089 -0.155 -0.101 -0.0469 
0.0207 0.0168 0.00668 -0.113 -0.0725 -0.0335 
i 1 1.103921743 prop_psi0 0.9592099474
i 2 1.655882614 prop_psi0 0.9702287529
i 3 2.483823921 prop_psi0 0.9798295203
i 1 1.103921743 prop_psi0 0.9592099474
i 2 1.655882614 prop_psi0 0.9702287529
i 3 2.483823921 prop_psi0 0.9798295203
i 4 4.415686971 prop_psi0 0.9898323861
alphas
0 0 0 0 0 0 
0.0836 0.051 0.00568 -0.209 -0.143 -0.0657 
0.0605 0.0402 0.00858 -0.184 -0.122 -0.0566 
0.0407 0.0295 0.0089 -0.155 -0.101 -0.0469 
0.0207 0.0168 0.00668 -0.113 -0.0725 -0.0335 
i 1 1.103921743 prop_psi0 0.9592099474
i 2 1.655882614 prop_psi0 0.9702287529
i 3 2.483823921 prop_psi0 0.9798295203
i 4 4.415686971 prop_psi0 0.9898323861
alphas
0 0 0 0 0 0 
0.0836 0.051 0.00568 -0.209 -0.143 -0.0657 
0.0605 0.0402 0.00858 -0.184 -0.122 -0.0566 
0.0407 0.0295 0.0089 -0.155 -0.101 -0.0469 
0.0207 0.0168 0.00668 -0.113 -0.0725 -0.0335 
i 1 1.103921743 prop_psi0 0.9592099474
i 2 1.655882614 prop_psi0 0.9702287529
i 3 2.483823921 prop_psi0 0.9798295203
i 4 4.415686971 prop_psi0 0.9898323861
alphas
0 0 0 0 0 0 
0.0836 0.051 0.00568 -0.209 -0.143 -0.0657 
0.0605 0.0402 0.00858 -0.184 -0.122 -0.0566 
0.0407 0.0295 0.0089 -0.155 -0.101 -0.0469 
0.0207 0.0168 0.00668 -0.113 -0.0725 -0.0335 
i 1 1.103921743 prop_psi0 0.9592099474
i 2 1.655882614 prop_psi0 0.9702287529
i 3 2.483823921 prop_psi0 0.9798295203
i 4 4.415686971 prop_psi0 0.9898323861
alphas
0 0 0 0 0 0 
0.0836 0.051 0.00568 -0.209 -0.143 -0.0657 
0.0605 0.0402 0.00858 -0.184 -0.122 -0.0566 
0.0407 0.0295 0.0089 -0.155 -0.101 -0.0469 
0.0207 0.0168 0.00668 -0.113 -0.0725 -0.0335 
i 1 1.103921743 prop_psi0 0.9592099474
i 2 1.655882614 prop_psi0 0.9702287529
i 3 2.483823921 prop_psi0 0.9798295203
i 4 4.415686971 prop_psi0 0.9898323861
alphas
0 0 0 0 0 0 
0.0836 0.051 0.00568 -0.209 -0.143 -0.0657 
0.0605 0.0402 0.00858 -0.184 -0.122 -0.0566 
0.0407 0.0295 0.0089 -0.155 -0.101 -0.0469 
0.0207 0.0168 0.00668 -0.113 -0.0725 -0.0335 
i 1 1.103921743 prop_psi0 0.9592099474
i 2 1.655882614 prop_psi0 0.9702287529
i 3 2.483823921 prop_psi0 0.9798295203
i 4 4.415686971 prop_psi0 0.9898323861
alphas
0 0 0 0 0 0 
0.0836 0.051 0.00568 -0.209 -0.143 -0.0657 
0.0605 0.0402 0.00858 -0.184 -0.122 -0.0566 
0.0407 0.0295 0.0089 -0.155 -0.101 -0.0469 
0.0207 0.0168 0.00668 -0.113 -0.0725 -0.0335 
i 1 1.103921743 prop_psi0 0.9592099474
i 2 1.655882614 prop_psi0 0.9702287529
i 3 2.483823921 prop_psi0 0.9798295203
i 4 4.415686971 prop_psi0 0.9898323861
alphas
0 0 0 0 0 0 
0.0836 0.051 0.00568 -0.209 -0.143 -0.0657 
0.0605 0.0402 0.00858 -0.184 -0.122 -0.0566 
0.0407 0.0295 0.0089 -0.155 -0.101 -0.0469 
0.0207 0.0168 0.00668 -0.113 -0.0725 -0.0335 
i 1 1.103921743 prop_psi0 0.9592099474
i 2 1.655882614 prop_psi0 0.9702287529
i 3 2.483823921 prop_psi0 0.9798295203
i 4 4.415686971 prop_psi0 0.9898323861
alphas
0 0 0 0 0 0 
0.0836 0.051 0.00568 -0.209 -0.143 -0.0657 
0.0605 0.0402 0.00858 -0.184 -0.122 -0.0566 
0.0407 0.0295 0.0089 -0.155 -0.101 -0.0469 
0.0207 0.0168 0.00668 -0.113 -0.0725 -0.0335 
i 1 1.103921743 prop_psi0 0.9592099474
i 2 1.655882614 prop_psi0 0.9702287529
i 1 1.103921743 prop_psi0 0.9592099474
i 2 1.655882614 prop_psi0 0.9702287529
i 3 2.483823921 prop_psi0 0.9798295203
i 4 4.415686971 prop_psi0 0.9898323861
alphas
0 0 0 0 0 0 
0.0836 0.051 0.00568 -0.209 -0.143 -0.0657 
0.0605 0.0402 0.00858 -0.184 -0.122 -0.0566 
0.0407 0.0295 0.0089 -0.155 -0.101 -0.0469 
0.0207 0.0168 0.00668 -0.113 -0.0725 -0.0335 
i 3 2.483823921 prop_psi0 0.9798295203
i 4 4.415686971 prop_psi0 0.9898323861
alphas
0 0 0 0 0 0 
0.0836 0.051 0.00568 -0.209 -0.143 -0.0657 
0.0605 0.0402 0.00858 -0.184 -0.122 -0.0566 
0.0407 0.0295 0.0089 -0.155 -0.101 -0.0469 
i 4 4.415686971 prop_psi0 0.9898323861
alphas
0 0 0 0 0 0 
0.0836 0.051 0.00568 -0.209 -0.143 -0.0657 
0.0605 0.0402 0.00858 -0.184 -0.122 -0.0566 
0.0407 0.0295 0.0089 -0.155 -0.101 -0.0469 
0.0207 0.0168 0.00668 -0.113 -0.0725 -0.0335 
i 1 1.103921743 prop_psi0 0.9592099474
i 2 1.655882614 prop_psi0 0.9702287529
i 1 1.103921743 prop_psi0 0.9592099474
i 2 1.655882614 prop_psi0 0.9702287529
i 3 2.483823921 prop_psi0 0.9798295203
i 4 4.415686971 prop_psi0 0.9898323861
alphas
i 1 1.103921743 prop_psi0 0.9592099474
i 2 1.655882614 prop_psi0 0.9702287529
i 3 2.483823921 prop_psi0 0.9798295203
i 4 4.415686971 prop_psi0 0.9898323861
alphas
0 0 0 0 0 0 
0.0836 0.051 0.00568 -0.209 -0.143 -0.0657 
0.0605 0.0402 0.00858 -0.184 -0.122 -0.0566 
0.0407 0.0295 0.0089 -0.155 -0.101 -0.0469 
i 3 2.483823921 prop_psi0 0.9798295203
i 4 4.415686971 prop_psi0 0.9898323861
alphas
0 0 0 0 0 0 
0.0836 0.051 0.00568 -0.209 -0.143 -0.0657 
0.0605 0.0402 0.00858 -0.184 -0.122 -0.0566 
0.0407 0.0295 0.0089 -0.155 -0.101 -0.0469 
0.0207 0.0168 0.00668 -0.113 -0.0725 -0.0335 
0 0 0 0 0 0 
0.0836 0.051 0.00568 -0.209 -0.143 -0.0657 
0.0605 0.0402 0.00858 -0.184 -0.122 -0.0566 
0.0407 0.0295 0.0089 -0.155 -0.101 -0.0469 
0.0207 0.0168 0.00668 -0.113 -0.0725 -0.0335 
0.0207 0.0168 0.00668 -0.113 -0.0725 -0.0335 
0.0207 0.0168 0.00668 -0.113 -0.0725 -0.0335 
i 1 1.103921743 prop_psi0 0.9592099474
i 2 1.655882614 prop_psi0 0.9702287529
i 3 2.483823921 prop_psi0 0.9798295203
i 4 4.415686971 prop_psi0 0.9898323861
alphas
0 0 0 0 0 0 
0.0836 0.051 0.00568 -0.209 -0.143 -0.0657 
0.0605 0.0402 0.00858 -0.184 -0.122 -0.0566 
0.0407 0.0295 0.0089 -0.155 -0.101 -0.0469 
0.0207 0.0168 0.00668 -0.113 -0.0725 -0.0335 
18: Timestep is 1.56
11: Timestep is 1.56
2: Timestep is 1.56
6: Timestep is 1.56
17: Timestep is 1.56
3: Timestep is 1.56
19: Timestep is 1.56
7: Timestep is 1.56
14: Timestep is 1.56
9: Timestep is 1.56
0: Timestep is 1.56
8: Timestep is 1.56
21: Timestep is 1.56
5: Timestep is 1.56
20: Timestep is 1.56
15: Timestep is 1.56
4: Timestep is 1.56
27: Timestep is 1.56
1: Timestep is 1.56
25: Timestep is 1.56
23: Timestep is 1.56
22: Timestep is 1.56
16: Timestep is 1.56
10: Timestep is 1.56
24: Timestep is 1.56
26: Timestep is 1.56
13: Timestep is 1.56
12: Timestep is 1.56
Energies
0+/-0
-0.387+/-0.0224
-0.353+/-0.0201
-0.312+/-0.0175
-0.243+/-0.0135
Final alphas and E
-0.387+/-0.0224
0.0836 0.051 0.00568 -0.209 -0.143 -0.0657 
Energies
0+/-0
-0.387+/-0.0224
-0.353+/-0.0201
-0.312+/-0.0175
-0.243+/-0.0135
Final alphas and E
-0.387+/-0.0224
0.0836 0.051 0.00568 -0.209 -0.143 -0.0657 
Energies
0+/-0
-0.387+/-0.0224
-0.353+/-0.0201
-0.312+/-0.0175
-0.243+/-0.0135
Final alphas and E
-0.387+/-0.0224
0.0836 0.051 0.00568 -0.209 -0.143 -0.0657 
Energies
0+/-0
-0.387+/-0.0224
-0.353+/-0.0201
-0.312+/-0.0175
-0.243+/-0.0135
Final alphas and E
-0.387+/-0.0224
0.0836 0.051 0.00568 -0.209 -0.143 -0.0657 
Energies
0+/-0
-0.387+/-0.0224
-0.353+/-0.0201
-0.312+/-0.0175
-0.243+/-0.0135
Final alphas and E
-0.387+/-0.0224
0.0836 0.051 0.00568 -0.209 -0.143 -0.0657 
Energies
0+/-0
-0.387+/-0.0224
-0.353+/-0.0201
-0.312+/-0.0175
-0.243+/-0.0135
Final alphas and E
-0.387+/-0.0224
0.0836 0.051 0.00568 -0.209 -0.143 -0.0657 
Energies
0+/-0
-0.387+/-0.0224
-0.353+/-0.0201
-0.312+/-0.0175
-0.243+/-0.0135
Final alphas and E
-0.387+/-0.0224
0.0836 0.051 0.00568 -0.209 -0.143 -0.0657 
Energies
0+/-0
-0.387+/-0.0224
-0.353+/-0.0201
-0.312+/-0.0175
-0.243+/-0.0135
Final alphas and E
-0.387+/-0.0224
0.0836 0.051 0.00568 -0.209 -0.143 -0.0657 
Energies
0+/-0
-0.387+/-0.0224
-0.353+/-0.0201
-0.312+/-0.0175
-0.243+/-0.0135
Final alphas and E
-0.387+/-0.0224
0.0836 0.051 0.00568 -0.209 -0.143 -0.0657 
Energies
0+/-0
-0.387+/-0.0224
-0.353+/-0.0201
-0.312+/-0.0175
-0.243+/-0.0135
Final alphas and E
-0.387+/-0.0224
0.0836 0.051 0.00568 -0.209 -0.143 -0.0657 
Energies
0+/-0
-0.387+/-0.0224
-0.353+/-0.0201
-0.312+/-0.0175
-0.243+/-0.0135
Final alphas and E
-0.387+/-0.0224
0.0836 0.051 0.00568 -0.209 -0.143 -0.0657 
Energies
0+/-0
-0.387+/-0.0224
-0.353+/-0.0201
-0.312+/-0.0175
-0.243+/-0.0135
Final alphas and E
-0.387+/-0.0224
0.0836 0.051 0.00568 -0.209 -0.143 -0.0657 
Energies
0+/-0
-0.387+/-0.0224
-0.353+/-0.0201
-0.312+/-0.0175
-0.243+/-0.0135
Significant change in energy -0.387 +/- 0.0224
Significant change in energy -0.353 +/- 0.0201
Significant change in energy -0.312 +/- 0.0175
Significant change in energy -0.243 +/- 0.0135
Final alphas and E
-0.387+/-0.0224
0.0836 0.051 0.00568 -0.209 -0.143 -0.0657 
Energies
0+/-0
-0.387+/-0.0224
-0.353+/-0.0201
-0.312+/-0.0175
-0.243+/-0.0135
Final alphas and E
-0.387+/-0.0224
0.0836 0.051 0.00568 -0.209 -0.143 -0.0657 
Energies
0+/-0
-0.387+/-0.0224
-0.353+/-0.0201
-0.312+/-0.0175
-0.243+/-0.0135
Final alphas and E
-0.387+/-0.0224
0.0836 0.051 0.00568 -0.209 -0.143 -0.0657 
Energies
0+/-0
-0.387+/-0.0224
-0.353+/-0.0201
-0.312+/-0.0175
-0.243+/-0.0135
Final alphas and E
-0.387+/-0.0224
0.0836 0.051 0.00568 -0.209 -0.143 -0.0657 
Energies
0+/-0
-0.387+/-0.0224
-0.353+/-0.0201
-0.312+/-0.0175
-0.243+/-0.0135
Final alphas and E
-0.387+/-0.0224
0.0836 0.051 0.00568 -0.209 -0.143 -0.0657 
Energies
0+/-0
-0.387+/-0.0224
-0.353+/-0.0201
-0.312+/-0.0175
-0.243+/-0.0135
Final alphas and E
-0.387+/-0.0224
0.0836 0.051 0.00568 -0.209 -0.143 -0.0657 
Energies
0+/-0
-0.387+/-0.0224
-0.353+/-0.0201
-0.312+/-0.0175
-0.243+/-0.0135
Final alphas and E
-0.387+/-0.0224
0.0836 0.051 0.00568 -0.209 -0.143 -0.0657 
Energies
0+/-0
-0.387+/-0.0224
-0.353+/-0.0201
-0.312+/-0.0175
-0.243+/-0.0135
Final alphas and E
-0.387+/-0.0224
0.0836 0.051 0.00568 -0.209 -0.143 -0.0657 
Energies
0+/-0
-0.387+/-0.0224
-0.353+/-0.0201
-0.312+/-0.0175
-0.243+/-0.0135
Final alphas and E
-0.387+/-0.0224
0.0836 0.051 0.00568 -0.209 -0.143 -0.0657 
Energies
0+/-0
-0.387+/-0.0224
-0.353+/-0.0201
-0.312+/-0.0175
-0.243+/-0.0135
Final alphas and E
-0.387+/-0.0224
0.0836 0.051 0.00568 -0.209 -0.143 -0.0657 
Energies
0+/-0
-0.387+/-0.0224
-0.353+/-0.0201
-0.312+/-0.0175
-0.243+/-0.0135
Final alphas and E
-0.387+/-0.0224
0.0836 0.051 0.00568 -0.209 -0.143 -0.0657 
Energies
0+/-0
-0.387+/-0.0224
-0.353+/-0.0201
-0.312+/-0.0175
-0.243+/-0.0135
Final alphas and E
-0.387+/-0.0224
0.0836 0.051 0.00568 -0.209 -0.143 -0.0657 
Energies
0+/-0
-0.387+/-0.0224
-0.353+/-0.0201
-0.312+/-0.0175
-0.243+/-0.0135
Final alphas and E
-0.387+/-0.0224
0.0836 0.051 0.00568 -0.209 -0.143 -0.0657 
Energies
0+/-0
-0.387+/-0.0224
-0.353+/-0.0201
-0.312+/-0.0175
-0.243+/-0.0135
Final alphas and E
-0.387+/-0.0224
0.0836 0.051 0.00568 -0.209 -0.143 -0.0657 
Energies
0+/-0
-0.387+/-0.0224
-0.353+/-0.0201
-0.312+/-0.0175
-0.243+/-0.0135
Final alphas and E
-0.387+/-0.0224
0.0836 0.051 0.00568 -0.209 -0.143 -0.0657 
Energies
0+/-0
-0.387+/-0.0224
-0.353+/-0.0201
-0.312+/-0.0175
-0.243+/-0.0135
Final alphas and E
-0.387+/-0.0224
0.0836 0.051 0.00568 -0.209 -0.143 -0.0657 
Read took 0 seconds
19: Timestep is 2.25
7: Timestep is 2.25
14: Timestep is 2.25
26: Timestep is 2.25
9: Timestep is 2.25
12: Timestep is 2.25
8: Timestep is 2.25
21: Timestep is 2.25
5: Timestep is 2.25
13: Timestep is 2.25
20: Timestep is 2.25
15: Timestep is 2.25
4: Timestep is 2.25
27: Timestep is 2.25
1: Timestep is 2.25
25: Timestep is 2.25
23: Timestep is 2.25
22: Timestep is 2.25
16: Timestep is 2.25
0: Timestep is 2.25
10: Timestep is 2.25
18: Timestep is 2.25
24: Timestep is 2.25
11: Timestep is 2.25
2: Timestep is 2.25
6: Timestep is 2.25
17: Timestep is 2.25
3: Timestep is 2.25
1: Write took 0 seconds
1: Write took 0 seconds
1: Write took 0 seconds
1: Write took 0 seconds
1: Write took 0 seconds
1: Write took 0 seconds
1: Write took 0 seconds
1: Write took 0 seconds
1: Write took 0 seconds
1: Write took 0 seconds
1: Write took 0 seconds
1: Write took 0 seconds
1: Write took 0 seconds
1: Write took 0 seconds
1: Write took 0 seconds
1: Write took 0 seconds
1: Write took 0 seconds
1: Write took 0 seconds
1: Write took 0 seconds
S matrix
1 0 0 0 0 0 0 
0 1.31 0.912 0.475 0.724 0.296 0.0909 
0 0.912 0.858 0.589 0.472 0.208 0.0725 
0 0.475 0.589 0.506 0.228 0.109 0.0434 
0 0.724 0.472 0.228 1.24 0.552 0.175 
0 0.296 0.208 0.109 0.552 0.305 0.116 
0 0.0909 0.0725 0.0434 0.175 0.116 0.053 
H matrix
-7.45 -0.0988 -0.116 -0.123 0.314 0.176 0.0565 
-0.0791 -8.81 -6.08 -3.16 -4.84 -1.97 -0.615 
-0.0601 -6.06 -5.45 -3.52 -3.15 -1.35 -0.469 
-0.0143 -3.11 -3.49 -2.5 -1.51 -0.687 -0.262 
0.346 -4.83 -3.16 -1.55 -8.08 -3.52 -1.11 
0.218 -1.95 -1.35 -0.702 -3.51 -1.8 -0.629 
0.0963 -0.591 -0.452 -0.258 -1.09 -0.613 -0.2 
S matrix
1 0 0 0 0 0 0 
0 1.31 0.912 0.475 0.724 0.296 0.0909 
0 0.912 0.858 0.589 0.472 0.208 0.0725 
0 0.475 0.589 0.506 0.228 0.109 0.0434 
0 0.724 0.472 0.228 1.24 0.552 0.175 
0 0.296 0.208 0.109 0.552 0.305 0.116 
0 0.0909 0.0725 0.0434 0.175 0.116 0.053 
H matrix
-7.45 -0.0988 -0.116 -0.123 0.314 0.176 0.0565 
-0.0791 -8.81 -6.08 -3.16 -4.84 -1.97 -0.615 
-0.0601 -6.06 -5.45 -3.52 -3.15 -1.35 -0.469 
-0.0143 -3.11 -3.49 -2.5 -1.51 -0.687 -0.262 
0.346 -4.83 -3.16 -1.55 -8.08 -3.52 -1.11 
0.218 -1.95 -1.35 -0.702 -3.51 -1.8 -0.629 
0.0963 -0.591 -0.452 -0.258 -1.09 -0.613 -0.2 
S matrix
1 0 0 0 0 0 0 
0 1.31 0.912 0.475 0.724 0.296 0.0909 
0 0.912 0.858 0.589 0.472 0.208 0.0725 
0 0.475 0.589 0.506 0.228 0.109 0.0434 
0 0.724 0.472 0.228 1.24 0.552 0.175 
0 0.296 0.208 0.109 0.552 0.305 0.116 
0 0.0909 0.0725 0.0434 0.175 0.116 0.053 
H matrix
